frequency PHz 	 Intensity a.u. 	 wavelength nm
1.699585455878035722e-01	7.175105529143981651e-04	1.763915176863654324e+03
1.701732683558085935e-01	6.333284612151933749e-04	1.761689487993941384e+03
1.703879911238135869e-01	3.869604554891286144e-04	1.759469408745794681e+03
1.706027138918185804e-01	1.448790044065729457e-04	1.757254917938189010e+03
1.708174366598234906e-01	2.050035398378659873e-05	1.755045994496600315e+03
1.710321594278285118e-01	4.610164000482869119e-07	1.752842617452335162e+03
1.712468821958335052e-01	5.431344472785205847e-06	1.750644765941870446e+03
1.714616049638384154e-01	5.920536300139067848e-06	1.748452419206193554e+03
1.716763277318434366e-01	4.598140589971952169e-05	1.746265556590146844e+03
1.718910504998484301e-01	1.537057025857714284e-04	1.744084157541781678e+03
1.721057732678534236e-01	2.701217086236526606e-04	1.741908201611714048e+03
1.723204960358584170e-01	2.943882171518067640e-04	1.739737668452484968e+03
1.725352188038634105e-01	1.935101128126882365e-04	1.737572537817925422e+03
1.727499415718683484e-01	5.389462213684355720e-05	1.735412789562529269e+03
1.729646643398733419e-01	8.469492241661160132e-06	1.733258403640825009e+03
1.731793871078783353e-01	1.036322321049866247e-04	1.731109360106759141e+03
1.733941098758832733e-01	2.507193462391662402e-04	1.728965639113079305e+03
1.736088326438882667e-01	3.173520833148670158e-04	1.726827220910720825e+03
1.738235554118932602e-01	2.545615220175462051e-04	1.724694085848204622e+03
1.740382781798982537e-01	1.312913232822722769e-04	1.722566214371032402e+03
1.742530009479032471e-01	5.968665223914450707e-05	1.720443587021089570e+03
1.744677237159081851e-01	9.020325127991011822e-05	1.718326184436052927e+03
1.746824464839131785e-01	1.686021565299700392e-04	1.716213987348799947e+03
1.748971692519181720e-01	1.964577419579083403e-04	1.714106976586826931e+03
1.751118920199231099e-01	1.370745288347373901e-04	1.712005133071667842e+03
1.753266147879281034e-01	4.718273215180721563e-05	1.709908437818317225e+03
1.755413375559330968e-01	2.656343084517587839e-06	1.707816871934660412e+03
1.757560603239380903e-01	1.902537151716981307e-05	1.705730416620905999e+03
1.759707830919430838e-01	5.350360774712730133e-05	1.703649053169020817e+03
1.761855058599481050e-01	6.200873922645765482e-05	1.701572762962172874e+03
1.764002286279530152e-01	3.957460270431235883e-05	1.699501527474175646e+03
1.766149513959580086e-01	1.744747463979965611e-05	1.697435328268934882e+03
1.768296741639630298e-01	3.502931537239457383e-05	1.695374146999905406e+03
1.770443969319679400e-01	1.046180450789394218e-04	1.693317965409545877e+03
1.772591196999729335e-01	1.910495208703524579e-04	1.691266765328778320e+03
1.774738424679779270e-01	2.387305911969468794e-04	1.689220528676457207e+03
1.776885652359829482e-01	2.238933485295393144e-04	1.687179237458834223e+03
1.779032880039879416e-01	1.663820566352667012e-04	1.685142873769031894e+03
1.781180107719928518e-01	1.003613107298117780e-04	1.683111419786522447e+03
1.783327335399978730e-01	5.282214766298203116e-05	1.681084857776602348e+03
1.785474563080028665e-01	3.842162897246849260e-05	1.679063170089882306e+03
1.787621790760077767e-01	5.862325659021340256e-05	1.677046339161771812e+03
1.789769018440127701e-01	1.060327797355403940e-04	1.675034347511970736e+03
1.791916246120177914e-01	1.647772126909808059e-04	1.673027177743964103e+03
1.794063473800227848e-01	2.039800920758682060e-04	1.671024812544522320e+03
1.796210701480277783e-01	1.903837181782069778e-04	1.669027234683200504e+03
1.798357929160327162e-01	1.273088069051853772e-04	1.667034427011848265e+03
1.800505156840377097e-01	6.875220495905913260e-05	1.665046372464113801e+03
1.802652384520427031e-01	6.795830330274812644e-05	1.663063054054961412e+03
1.804799612200476966e-01	1.193582781015659506e-04	1.661084454880185831e+03
1.806946839880526345e-01	1.764192731973463976e-04	1.659110558115932236e+03
1.809094067560576280e-01	2.121830710105498550e-04	1.657141347018217630e+03
1.811241295240626215e-01	2.344375358608487411e-04	1.655176804922461315e+03
1.813388522920676149e-01	2.530229946471637226e-04	1.653216915243010817e+03
1.815535750600726084e-01	2.541866447974760958e-04	1.651261661472677815e+03
1.817682978280775463e-01	2.110289089067224680e-04	1.649311027182273619e+03
1.819830205960825398e-01	1.224163216128824048e-04	1.647364996020147601e+03
1.821977433640875332e-01	3.429557730750403699e-05	1.645423551711734262e+03
1.824124661320924712e-01	1.563737544129873004e-07	1.643486678059095766e+03
1.826271889000974646e-01	2.270990637724277296e-05	1.641554358940471957e+03
1.828419116681024581e-01	5.742701719559298307e-05	1.639626578309835168e+03
1.830566344361074516e-01	6.734940507947390607e-05	1.637703320196444565e+03
1.832713572041124450e-01	5.233635612549710842e-05	1.635784568704404819e+03
1.834860799721173830e-01	3.310297774100921840e-05	1.633870308012229543e+03
1.837008027401223764e-01	3.006136168738607117e-05	1.631960522372403602e+03
1.839155255081273699e-01	5.685312477831890222e-05	1.630055196110955649e+03
1.841302482761323078e-01	1.136198587803160902e-04	1.628154313627025658e+03
1.843449710441373013e-01	1.751098610241793977e-04	1.626257859392439514e+03
1.845596938121422947e-01	1.992439294483921552e-04	1.624365817951289046e+03
1.847744165801472882e-01	1.660599843181670985e-04	1.622478173919508663e+03
1.849891393481523094e-01	1.010750377698755285e-04	1.620594911984460396e+03
1.852038621161573029e-01	4.619885227106031904e-05	1.618716016904519620e+03
1.854185848841622131e-01	1.839515789092185645e-05	1.616841473508663057e+03
1.856333076521672343e-01	8.080455630016255574e-06	1.614971266696060411e+03
1.858480304201722277e-01	3.469718699674290069e-06	1.613105381435670324e+03
1.860627531881771379e-01	2.956978826318101823e-06	1.611243802765837472e+03
1.862774759561821314e-01	1.167436704584070580e-05	1.609386515793889657e+03
1.864921987241871526e-01	3.323094214663495789e-05	1.607533505695744452e+03
1.867069214921921461e-01	5.901275921869097757e-05	1.605684757715513797e+03
1.869216442601971395e-01	6.769724871784124349e-05	1.603840257165111097e+03
1.871363670282020775e-01	4.846707606163259383e-05	1.601999989423863781e+03
1.873510897962070709e-01	1.978402010657974037e-05	1.600163939938124258e+03
1.875658125642120644e-01	6.671002431524349165e-06	1.598332094220889985e+03
1.877805353322169746e-01	7.099278204998999205e-06	1.596504437851421244e+03
1.879952581002219958e-01	3.822961770397245420e-06	1.594680956474859158e+03
1.882099808682269892e-01	8.879960649310460425e-07	1.592861635801855527e+03
1.884247036362319827e-01	2.134142650907893399e-05	1.591046461608196751e+03
1.886394264042369762e-01	7.003583590723964285e-05	1.589235419734431844e+03
1.888541491722419696e-01	1.196892972789512509e-04	1.587428496085506367e+03
1.890688719402469076e-01	1.376388863574997247e-04	1.585625676630397493e+03
1.892835947082519010e-01	1.167362584037776523e-04	1.583826947401746565e+03
1.894983174762568945e-01	7.847306204751800819e-05	1.582032294495503265e+03
1.897130402442618324e-01	5.082753661053464593e-05	1.580241704070564992e+03
1.899277630122668259e-01	4.498518720185132113e-05	1.578455162348420572e+03
1.901424857802718194e-01	5.224517053558300889e-05	1.576672655612798735e+03
1.903572085482768128e-01	6.086692541163868646e-05	1.574894170209315462e+03
1.905719313162818063e-01	7.312893944507714550e-05	1.573119692545125190e+03
1.907866540842867442e-01	1.007481904279027810e-04	1.571349209088577709e+03
1.910013768522917377e-01	1.379875844456608452e-04	1.569582706368867093e+03
1.912160996202967311e-01	1.500093399000611066e-04	1.567820170975699511e+03
1.914308223883016691e-01	1.100456598945560258e-04	1.566061589558946025e+03
1.916455451563066625e-01	4.272963467411694240e-05	1.564306948828309032e+03
1.918602679243116560e-01	2.221101928597400912e-06	1.562556235552987346e+03
1.920749906923166495e-01	1.002873014612656461e-05	1.560809436561343318e+03
1.922897134603216707e-01	4.001331831581802449e-05	1.559066538740571559e+03
1.925044362283266641e-01	5.776190620431824815e-05	1.557327529036372880e+03
1.927191589963315743e-01	5.119352278817237419e-05	1.555592394452627104e+03
1.929338817643365678e-01	3.039123685414075288e-05	1.553861122051067241e+03
1.931486045323415890e-01	1.753155110979385324e-05	1.552133698950962525e+03
1.933633273003464992e-01	3.173884632702389747e-05	1.550410112328796231e+03
1.935780500683514926e-01	6.824466969045862494e-05	1.548690349417946209e+03
1.937927728363565139e-01	9.634706064179380982e-05	1.546974397508375205e+03
1.940074956043615073e-01	9.072650360244682475e-05	1.545262243946312310e+03
1.942222183723665008e-01	5.971519919994621773e-05	1.543553876133945778e+03
1.944369411403714110e-01	3.116781638735148757e-05	1.541849281529112432e+03
1.946516639083764322e-01	2.024208889497190622e-05	1.540148447644988437e+03
1.948663866763814256e-01	2.430156045942460089e-05	1.538451362049789623e+03
1.950811094443863358e-01	3.589586451526502708e-05	1.536758012366464982e+03
1.952958322123913570e-01	4.555620717370934247e-05	1.535068386272394719e+03
1.955105549803963505e-01	4.339582924920872941e-05	1.533382471499095573e+03
1.957252777484013440e-01	2.950698766359683420e-05	1.531700255831920458e+03
1.959400005164063374e-01	1.599933749723677899e-05	1.530021727109763788e+03
1.961547232844112754e-01	1.423927455780040983e-05	1.528346873224770206e+03
1.963694460524162688e-01	2.279875748045596807e-05	1.526675682122041053e+03
1.965841688204212623e-01	2.877031874250194672e-05	1.525008141799348095e+03
1.967988915884262557e-01	2.484563081302101027e-05	1.523344240306843176e+03
1.970136143564311937e-01	2.625305656149505489e-05	1.521683965746775129e+03
1.972283371244361871e-01	5.654627759695217664e-05	1.520027306273203749e+03
1.974430598924411806e-01	1.080142207880813529e-04	1.518374250091720342e+03
1.976577826604461741e-01	1.350018179267064981e-04	1.516724785459167606e+03
1.978725054284511675e-01	1.050740438347572391e-04	1.515078900683360189e+03
1.980872281964561055e-01	4.561721110950722920e-05	1.513436584122809336e+03
1.983019509644610989e-01	2.050693326084555325e-05	1.511797824186447770e+03
1.985166737324660924e-01	6.271171047527051060e-05	1.510162609333358432e+03
1.987313965004710303e-01	1.407036488210430597e-04	1.508530928072502320e+03
1.989461192684760238e-01	1.888236056425378210e-04	1.506902768962448135e+03
1.991608420364810172e-01	1.662122754066992639e-04	1.505278120611108307e+03
1.993755648044860107e-01	9.631806550830449151e-05	1.503656971675470686e+03
1.995902875724910319e-01	5.716474525019175522e-05	1.502039310861334570e+03
1.998050103404959421e-01	1.173617536973415746e-04	1.500425126923050129e+03
2.000197331085009356e-01	2.617155336738787811e-04	1.498814408663255335e+03
2.002344558765059290e-01	3.906160180526318062e-04	1.497207144932619485e+03
2.004491786445109502e-01	4.157658401605994719e-04	1.495603324629583994e+03
2.006639014125158604e-01	3.441113106788802720e-04	1.494002936700109558e+03
2.008786241805208539e-01	2.445083331324365101e-04	1.492405970137417626e+03
2.010933469485258751e-01	1.598757259221431667e-04	1.490812413981743020e+03
2.013080697165308686e-01	9.385238718647689925e-05	1.489222257320079279e+03
2.015227924845358620e-01	6.342045803158545081e-05	1.487635489285932636e+03
2.017375152525407722e-01	1.139903302853715873e-04	1.486052099059073043e+03
2.019522380205457934e-01	2.636036442640072187e-04	1.484472075865286342e+03
2.021669607885507869e-01	4.385299992392924944e-04	1.482895408976133467e+03
2.023816835565556971e-01	4.961606943330172355e-04	1.481322087708706931e+03
2.025964063245607183e-01	3.651293360464534748e-04	1.479752101425385717e+03
2.028111290925657118e-01	1.579950845091682393e-04	1.478185439533600402e+03
2.030258518605707052e-01	7.278073650910227277e-05	1.476622091485592591e+03
2.032405746285756987e-01	1.706412974436518162e-04	1.475062046778178455e+03
2.034552973965806366e-01	3.156697497704708910e-04	1.473505294952513850e+03
2.036700201645856301e-01	3.422281632085427943e-04	1.471951825593859439e+03
2.038847429325906235e-01	2.257523647923841419e-04	1.470401628331350139e+03
2.040994657005956170e-01	8.366758080245232623e-05	1.468854692837763196e+03
2.043141884686005549e-01	5.346390450231777741e-05	1.467311008829290131e+03
2.045289112366055484e-01	1.742208265550026060e-04	1.465770566065305729e+03
2.047436340046105419e-01	3.478079301922134560e-04	1.464233354348145895e+03
2.049583567726155353e-01	4.183241502978121478e-04	1.462699363522879366e+03
2.051730795406204733e-01	3.377607360910109442e-04	1.461168583477086486e+03
2.053878023086254667e-01	2.335038190474513658e-04	1.459641004140633640e+03
2.056025250766304602e-01	2.393916852355196245e-04	1.458116615485456123e+03
2.058172478446354536e-01	3.014913308954201448e-04	1.456595407525336441e+03
2.060319706126403916e-01	2.637327510706082424e-04	1.455077370315688768e+03
2.062466933806453850e-01	1.132899448766555475e-04	1.453562493953336570e+03
2.064614161486503785e-01	1.169738940645119827e-05	1.452050768576304336e+03
2.066761389166553720e-01	7.812839842525369429e-05	1.450542184363599290e+03
2.068908616846603654e-01	2.401903007941055953e-04	1.449036731534999944e+03
2.071055844526653034e-01	3.295942898321612574e-04	1.447534400350844180e+03
2.073203072206702968e-01	2.718341538937160077e-04	1.446035181111819156e+03
2.075350299886752903e-01	1.426117670635229228e-04	1.444539064158753945e+03
2.077497527566803115e-01	5.970766952335635500e-05	1.443046039872411029e+03
2.079644755246852217e-01	6.296775651466248738e-05	1.441556098673279621e+03
2.081791982926902151e-01	1.034618211178882331e-04	1.440069231021371252e+03
2.083939210606952364e-01	1.165372581603696676e-04	1.438585427416017410e+03
2.086086438287002298e-01	9.017842998307604369e-05	1.437104678395664678e+03
2.088233665967051400e-01	7.284714372384492080e-05	1.435626974537676915e+03
2.090380893647101335e-01	1.142492917795987563e-04	1.434152306458131079e+03
2.092528121327151547e-01	1.941398223793046210e-04	1.432680664811623274e+03
2.094675349007201481e-01	2.340131557838587241e-04	1.431212040291067296e+03
2.096822576687250583e-01	1.935714666453560578e-04	1.429746423627501827e+03
2.098969804367300795e-01	1.158778466364529362e-04	1.428283805589892381e+03
2.101117032047350730e-01	5.765642084342994741e-05	1.426824176984939413e+03
2.103264259727400665e-01	2.622602409870116295e-05	1.425367528656885952e+03
2.105411487407450599e-01	8.055884113099914836e-06	1.423913851487324791e+03
2.107558715087499979e-01	1.185512190692713670e-05	1.422463136395008860e+03
2.109705942767549913e-01	5.691121600799024674e-05	1.421015374335661591e+03
2.111853170447599848e-01	1.343901490132793286e-04	1.419570556301790702e+03
2.114000398127649227e-01	1.876826172879431966e-04	1.418128673322499935e+03
2.116147625807699162e-01	1.511349828678334062e-04	1.416689716463302375e+03
2.118294853487749096e-01	5.009066728750552803e-05	1.415253676825938783e+03
2.120442081167799031e-01	3.536518658520820552e-05	1.413820545548191149e+03
2.122589308847848966e-01	2.180136024200486611e-04	1.412390313803703521e+03
2.124736536527898345e-01	4.706445110941496839e-04	1.410962972801798287e+03
2.126883764207948280e-01	5.251193890211188105e-04	1.409538513787295415e+03
2.129030991887998214e-01	3.034319331971738350e-04	1.408116928040337143e+03
2.131178219568048149e-01	4.259395062902499881e-05	1.406698206876206768e+03
2.133325447248097528e-01	4.998538856258675903e-05	1.405282341645153110e+03
2.135472674928147463e-01	3.898130873877817199e-04	1.403869323732213843e+03
2.137619902608197398e-01	8.155812366150271692e-04	1.402459144557041782e+03
2.139767130288247332e-01	9.840580521712652493e-04	1.401051795573731624e+03
2.141914357968297267e-01	7.649672663634285701e-04	1.399647268270644872e+03
2.144061585648346646e-01	3.686348708494125554e-04	1.398245554170241803e+03
2.146208813328396581e-01	1.380165909890573351e-04	1.396846644828906619e+03
2.148356041008446515e-01	2.045606432974315253e-04	1.395450531836781693e+03
2.150503268688495895e-01	3.969312688188530807e-04	1.394057206817598171e+03
2.152650496368545829e-01	4.938811520222052050e-04	1.392666661428506359e+03
2.154797724048595764e-01	4.911812457625120516e-04	1.391278887359911323e+03
2.156944951728645699e-01	5.632156805756192378e-04	1.389893876335307368e+03
2.159092179408695911e-01	7.923860260040205099e-04	1.388511620111112052e+03
2.161239407088745013e-01	1.024981722751386630e-03	1.387132110476504295e+03
2.163386634768794947e-01	1.062936402735744062e-03	1.385755339253259990e+03
2.165533862448845159e-01	9.553593099877626983e-04	1.384381298295591705e+03
2.167681090128895094e-01	9.724162101905194306e-04	1.383009979489988837e+03
2.169828317808944196e-01	1.254997776404372534e-03	1.381641374755055949e+03
2.171975545488994130e-01	1.600152095307953021e-03	1.380275476041353613e+03
2.174122773169044343e-01	1.673023676467813451e-03	1.378912275331243563e+03
2.176270000849094277e-01	1.391640332954958504e-03	1.377551764638729765e+03
2.178417228529144212e-01	1.055092364933383087e-03	1.376193936009302888e+03
2.180564456209193591e-01	1.086692843728232242e-03	1.374838781519784789e+03
2.182711683889243526e-01	1.624767014638189367e-03	1.373486293278174799e+03
2.184858911569293460e-01	2.340040383957300678e-03	1.372136463423496480e+03
2.187006139249342562e-01	2.707641705699293053e-03	1.370789284125646191e+03
2.189153366929392774e-01	2.531343379432227526e-03	1.369444747585239611e+03
2.191300594609442709e-01	2.162402223796627398e-03	1.368102846033463720e+03
2.193447822289492644e-01	2.107219717126606814e-03	1.366763571731925140e+03
2.195595049969542578e-01	2.440856749030371944e-03	1.365426916972502568e+03
2.197742277649591958e-01	2.726094870521078052e-03	1.364092874077198530e+03
2.199889505329641892e-01	2.546648288870967825e-03	1.362761435397991363e+03
2.202036733009691827e-01	2.022544215606193740e-03	1.361432593316691509e+03
2.204183960689741761e-01	1.695385427351148167e-03	1.360106340244793955e+03
2.206331188369791141e-01	1.918446069874608353e-03	1.358782668623335667e+03
2.208478416049841075e-01	2.460338548476262953e-03	1.357461570922748024e+03
2.210625643729891010e-01	2.764364667106403162e-03	1.356143039642720623e+03
2.212772871409940945e-01	2.567383362180240564e-03	1.354827067312052350e+03
2.214920099089990324e-01	2.214757048649937301e-03	1.353513646488516770e+03
2.217067326770040259e-01	2.328650451161274823e-03	1.352202769758715704e+03
2.219214554450090193e-01	3.138662551612829595e-03	1.350894429737943938e+03
2.221361782130140128e-01	4.159431029952642689e-03	1.349588619070049390e+03
2.223509009810189507e-01	4.598723235781780258e-03	1.348285330427295548e+03
2.225656237490239442e-01	4.122909586655827338e-03	1.346984556510222319e+03
2.227803465170289376e-01	3.189140922917230950e-03	1.345686290047512784e+03
2.229950692850339311e-01	2.598515648612646691e-03	1.344390523795856097e+03
2.232097920530389523e-01	2.746413871004071017e-03	1.343097250539813103e+03
2.234245148210438625e-01	3.312391843043703890e-03	1.341806463091682190e+03
2.236392375890488560e-01	3.635201946914383506e-03	1.340518154291365590e+03
2.238539603570538772e-01	3.365925907220193147e-03	1.339232317006238873e+03
2.240686831250588706e-01	2.772187058944925939e-03	1.337948944131017242e+03
2.242834058930637808e-01	2.416468998321311210e-03	1.336668028587626395e+03
2.244981286610687743e-01	2.564044892802006936e-03	1.335389563325069958e+03
2.247128514290737955e-01	2.965971333038587131e-03	1.334113541319302840e+03
2.249275741970787890e-01	3.211137149881987656e-03	1.332839955573101633e+03
2.251422969650836992e-01	3.166914925550265610e-03	1.331568799115936145e+03
2.253570197330887204e-01	3.019903020696889512e-03	1.330300065003841837e+03
2.255717425010937138e-01	3.030637451117504117e-03	1.329033746319295233e+03
2.257864652690987073e-01	3.409331400921947371e-03	1.327769836171087036e+03
2.260011880371036175e-01	4.340030120612507758e-03	1.326508327694196396e+03
2.262159108051086387e-01	5.821752257905450818e-03	1.325249214049667899e+03
2.264306335731136322e-01	7.333438778217255677e-03	1.323992488424487419e+03
2.266453563411186256e-01	7.912666959245853379e-03	1.322738144031459342e+03
2.268600791091236191e-01	6.969198006888361642e-03	1.321486174109084232e+03
2.270748018771285570e-01	5.093595548892598281e-03	1.320236571921438554e+03
2.272895246451335505e-01	3.803330217437541662e-03	1.318989330758050073e+03
2.275042474131385439e-01	4.275051112606108664e-03	1.317744443933782804e+03
2.277189701811434819e-01	6.253116048069254709e-03	1.316501904788715137e+03
2.279336929491484753e-01	8.166801237756178902e-03	1.315261706688019558e+03
2.281484157171534688e-01	8.418566494534379316e-03	1.314023843021847370e+03
2.283631384851584623e-01	6.827389465385025336e-03	1.312788307205209321e+03
2.285778612531634557e-01	4.907709087669171084e-03	1.311555092677860785e+03
2.287925840211683937e-01	4.475691407454673691e-03	1.310324192904183064e+03
2.290073067891733871e-01	5.787484343797131246e-03	1.309095601373069940e+03
2.292220295571783806e-01	7.248177893586634987e-03	1.307869311597811020e+03
2.294367523251833740e-01	7.140274612961287036e-03	1.306645317115981015e+03
2.296514750931883120e-01	5.436400652051510962e-03	1.305423611489322184e+03
2.298661978611933054e-01	3.706118438269820608e-03	1.304204188303633146e+03
2.300809206291982989e-01	3.396977240467443943e-03	1.302987041168658152e+03
2.302956433972032924e-01	4.430677073045516737e-03	1.301772163717972717e+03
2.305103661652083136e-01	5.476275483688781802e-03	1.300559549608874477e+03
2.307250889332132238e-01	5.477426763837548417e-03	1.299349192522272006e+03
2.309398117012182172e-01	4.830227833057210325e-03	1.298141086162574993e+03
2.311545344692232107e-01	4.997779954515385072e-03	1.296935224257586242e+03
2.313692572372281486e-01	6.894144411026217889e-03	1.295731600558392074e+03
2.315839800052331421e-01	9.653925646944882047e-03	1.294530208839253646e+03
2.317987027732381355e-01	1.113664782120342249e-02	1.293331042897501220e+03
2.320134255412431568e-01	9.803025584226592384e-03	1.292134096553427071e+03
2.322281483092481502e-01	6.158695341163325510e-03	1.290939363650178166e+03
2.324428710772530604e-01	2.361836937255361400e-03	1.289746838053652709e+03
2.326575938452580539e-01	3.966167034199497010e-04	1.288556513652392141e+03
2.328723166132630751e-01	5.631067649463223886e-04	1.287368384357479954e+03
2.330870393812680685e-01	1.629016835282175949e-03	1.286182444102435738e+03
2.333017621492729787e-01	2.275844054367147460e-03	1.284998686843112637e+03
2.335164849172779999e-01	2.261193842509115742e-03	1.283817106557594570e+03
2.337312076852829934e-01	2.257502479205057786e-03	1.282637697246094376e+03
2.339459304532879869e-01	2.816833338669246217e-03	1.281460452930851943e+03
2.341606532212929803e-01	3.649966932724529271e-03	1.280285367656033259e+03
2.343753759892979183e-01	3.878421399242278078e-03	1.279112435487630592e+03
2.345900987573029117e-01	2.939807008454463268e-03	1.277941650513360855e+03
2.348048215253079052e-01	1.274588122189686430e-03	1.276773006842568293e+03
2.350195442933128431e-01	1.103589296839650144e-04	1.275606498606125342e+03
2.352342670613178366e-01	4.699506297514098314e-04	1.274442119956332590e+03
2.354489898293228300e-01	2.313018443205039527e-03	1.273279865066823277e+03
2.356637125973278235e-01	4.601554142313133387e-03	1.272119728132464843e+03
2.358784353653328170e-01	6.127242022585137511e-03	1.270961703369262978e+03
2.360931581333377549e-01	6.285289979219592024e-03	1.269805785014265439e+03
2.363078809013427484e-01	5.255073047642389895e-03	1.268651967325464284e+03
2.365226036693477418e-01	3.678012201781985253e-03	1.267500244581705147e+03
2.367373264373527353e-01	2.202623902413218711e-03	1.266350611082588784e+03
2.369520492053576732e-01	1.180707188430392407e-03	1.265203061148379675e+03
2.371667719733626667e-01	6.354570370581769188e-04	1.264057589119908926e+03
2.373814947413676602e-01	4.493064905334902487e-04	1.262914189358485601e+03
2.375962175093726536e-01	5.417441964484710250e-04	1.261772856245802132e+03
2.378109402773775916e-01	8.413286566065569056e-04	1.260633584183841322e+03
2.380256630453825850e-01	1.155950410458413558e-03	1.259496367594786534e+03
2.382403858133875785e-01	1.203500391134452010e-03	1.258361200920929377e+03
2.384551085813925719e-01	8.392211965505483188e-04	1.257228078624581030e+03
2.386698313493975099e-01	2.633923237358304489e-04	1.256096995187979246e+03
2.388845541174025033e-01	2.027717324790869065e-05	1.254967945113201495e+03
2.390992768854074968e-01	7.430200119726764829e-04	1.253840922922074469e+03
2.393139996534125180e-01	2.734282826098654532e-03	1.252715923156086546e+03
2.395287224214175115e-01	5.662075446636516754e-03	1.251592940376297975e+03
2.397434451894224217e-01	8.677719803513346541e-03	1.250471969163255153e+03
2.399581679574274151e-01	1.088417304531140266e-02	1.249353004116901502e+03
2.401728907254324363e-01	1.171201544398064488e-02	1.248236039856492880e+03
2.403876134934374298e-01	1.096767868878541219e-02	1.247121071020509817e+03
2.406023362614423400e-01	8.790531688079476075e-03	1.246008092266571794e+03
2.408170590294473612e-01	5.728379284695673743e-03	1.244897098271352434e+03
2.410317817974523547e-01	2.714171828612632967e-03	1.243788083730494691e+03
2.412465045654573481e-01	7.177023538102172018e-04	1.242681043358526267e+03
2.414612273334622583e-01	3.421023792787683299e-04	1.241575971888775712e+03
2.416759501014672795e-01	1.760221126176907862e-03	1.240472864073287383e+03
2.418906728694722730e-01	4.834591447499881831e-03	1.239371714682741640e+03
2.421053956374772664e-01	8.991110185066000793e-03	1.238272518506369579e+03
2.423201184054822044e-01	1.300588723772450744e-02	1.237175270351871632e+03
2.425348411734871978e-01	1.532408383434063007e-02	1.236079965045335257e+03
2.427495639414921913e-01	1.494614519340974751e-02	1.234986597431154905e+03
2.429642867094971848e-01	1.211656679976329601e-02	1.233895162371949709e+03
2.431790094775021782e-01	8.192443345806729380e-03	1.232805654748484358e+03
2.433937322455071162e-01	4.851073421306666654e-03	1.231718069459588378e+03
2.436084550135121096e-01	3.255964751151377724e-03	1.230632401422075191e+03
2.438231777815171031e-01	3.723292074986775477e-03	1.229548645570665485e+03
2.440379005495220965e-01	6.074039948231943313e-03	1.228466796857907639e+03
2.442526233175270345e-01	1.028963184361466818e-02	1.227386850254097226e+03
2.444673460855320279e-01	1.665318282690264953e-02	1.226308800747202213e+03
2.446820688535370214e-01	2.501712798620315051e-02	1.225232643342782922e+03
2.448967916215420149e-01	3.397582500667185867e-02	1.224158373063916770e+03
2.451115143895469528e-01	4.104492962538911632e-02	1.223085984951121418e+03
2.453262371575519463e-01	4.392588675609689769e-02	1.222015474062275189e+03
2.455409599255569397e-01	4.187740623364566428e-02	1.220946835472546127e+03
2.457556826935619332e-01	3.617988611731864229e-02	1.219880064274312872e+03
2.459704054615668711e-01	2.937466655490458128e-02	1.218815155577091900e+03
2.461851282295718646e-01	2.382358878480144923e-02	1.217752104507459990e+03
2.463998509975768580e-01	2.065851661037916218e-02	1.216690906208982369e+03
2.466145737655818793e-01	1.979772319776585202e-02	1.215631555842137914e+03
2.468292965335868727e-01	2.067988554390337921e-02	1.214574048584245929e+03
2.470440193015917829e-01	2.289737788892947865e-02	1.213518379629392484e+03
2.472587420695967764e-01	2.639647573630575852e-02	1.212464544188356058e+03
2.474734648376017976e-01	3.143368079671256254e-02	1.211412537488539101e+03
2.476881876056067078e-01	3.838288184196300690e-02	1.210362354773893458e+03
2.479029103736117012e-01	4.726711762872574940e-02	1.209313991304846468e+03
2.481176331416167224e-01	5.713092132407675272e-02	1.208267442358234575e+03
2.483323559096217159e-01	6.580308245948775225e-02	1.207222703227229658e+03
2.485470786776267094e-01	7.055319317523733869e-02	1.206179769221267406e+03
2.487618014456316196e-01	6.947050182670903851e-02	1.205138635665980246e+03
2.489765242136366408e-01	6.266641569792134880e-02	1.204099297903123897e+03
2.491912469816416342e-01	5.238234399649586287e-02	1.203061751290510983e+03
2.494059697496466277e-01	4.192972408029956022e-02	1.202025991201939860e+03
2.496206925176515656e-01	3.433042818403300028e-02	1.200992013027127541e+03
2.498354152856565591e-01	3.163378233370362641e-02	1.199959812171639442e+03
2.500501380536615526e-01	3.511856122035768302e-02	1.198929384056822983e+03
2.502648608216665460e-01	4.573350867236429529e-02	1.197900724119738697e+03
2.504795835896714840e-01	6.393756811919162897e-02	1.196873827813094294e+03
2.506943063576764774e-01	8.871059823106920705e-02	1.195848690605175079e+03
2.509090291256814709e-01	1.164249448360343275e-01	1.194825307979780064e+03
2.511237518936864643e-01	1.407512887586275241e-01	1.193803675436155117e+03
2.513384746616914023e-01	1.543892129936326463e-01	1.192783788488925211e+03
2.515531974296963957e-01	1.522774260252678091e-01	1.191765642668030068e+03
2.517679201977013892e-01	1.345836587819396468e-01	1.190749233518659594e+03
2.519826429657063827e-01	1.072460089294271918e-01	1.189734556601187478e+03
2.521973657337113761e-01	7.922765495052584706e-02	1.188721607491107079e+03
2.524120885017163141e-01	5.834019400278143280e-02	1.187710381778967530e+03
2.526268112697213075e-01	4.876548925312804150e-02	1.186700875070308712e+03
2.528415340377263010e-01	5.151372296672656476e-02	1.185693082985599176e+03
2.530562568057312944e-01	6.601408435577360567e-02	1.184687001160171121e+03
2.532709795737362324e-01	9.043572046948661347e-02	1.183682625244159453e+03
2.534857023417412258e-01	1.206207586195219700e-01	1.182679950902435621e+03
2.537004251097462193e-01	1.495781402129609805e-01	1.181678973814550091e+03
2.539151478777512128e-01	1.691363173915820250e-01	1.180679689674665042e+03
2.541298706457561507e-01	1.734683697096699728e-01	1.179682094191497526e+03
2.543445934137611442e-01	1.624626063541734500e-01	1.178686183088253983e+03
2.545593161817661376e-01	1.423578080137860580e-01	1.177691952102571804e+03
2.547740389497711311e-01	1.225061696668590383e-01	1.176699396986457486e+03
2.549887617177760690e-01	1.101002381897253218e-01	1.175708513506226836e+03
2.552034844857810625e-01	1.066658865100336834e-01	1.174719297442442439e+03
2.554182072537860559e-01	1.088563633629854588e-01	1.173731744589857044e+03
2.556329300217910494e-01	1.125229874240693539e-01	1.172745850757351946e+03
2.558476527897960429e-01	1.164720416259105440e-01	1.171761611767878549e+03
2.560623755578009808e-01	1.228898596633890700e-01	1.170779023458398797e+03
2.562770983258059743e-01	1.344497397897804203e-01	1.169798081679826055e+03
2.564918210938109677e-01	1.510586722883017763e-01	1.168818782296968038e+03
2.567065438618159612e-01	1.693544364151052806e-01	1.167841121188468605e+03
2.569212666298208991e-01	1.851234861762623418e-01	1.166865094246748640e+03
2.571359893978258926e-01	1.959887025241992264e-01	1.165890697377948300e+03
2.573507121658308860e-01	2.020197340460486435e-01	1.164917926501872671e+03
2.575654349338358795e-01	2.043662978961701959e-01	1.163946777551931746e+03
2.577801577018408175e-01	2.036283203092320027e-01	1.162977246475084939e+03
2.579948804698458109e-01	1.993695413873678990e-01	1.162009329231784477e+03
2.582096032378508044e-01	1.909587574607037597e-01	1.161043021795920367e+03
2.584243260058558533e-01	1.788844402314014315e-01	1.160078320154762650e+03
2.586390487738607358e-01	1.653664650110881484e-01	1.159115220308907965e+03
2.588537715418657292e-01	1.537323857422931983e-01	1.158153718272221568e+03
2.590684943098707227e-01	1.471456325881878024e-01	1.157193810071785492e+03
2.592832170778757717e-01	1.476615213750951672e-01	1.156235491747841252e+03
2.594979398458807651e-01	1.558807973272610947e-01	1.155278759353737769e+03
2.597126626138856476e-01	1.707393088642008006e-01	1.154323608955874761e+03
2.599273853818906965e-01	1.891020499531708143e-01	1.153370036633649761e+03
2.601421081498956900e-01	2.055307624592739024e-01	1.152418038479404913e+03
2.603568309179006834e-01	2.131222853381009863e-01	1.151467610598373994e+03
2.605715536859055659e-01	2.059893276867045819e-01	1.150518749108628754e+03
2.607862764539106148e-01	1.825370756273697048e-01	1.149571450141024116e+03
2.610009992219156083e-01	1.472845483202640804e-01	1.148625709839149067e+03
2.612157219899206018e-01	1.093979075718698596e-01	1.147681524359272544e+03
2.614304447579255397e-01	7.841088442356282384e-02	1.146738889870291359e+03
2.616451675259305332e-01	5.973552260489469606e-02	1.145797802553677457e+03
2.618598902939355266e-01	5.279650082189037835e-02	1.144858258603429022e+03
2.620746130619405201e-01	5.297496897389020881e-02	1.143920254226016823e+03
2.622893358299454580e-01	5.594110228085210496e-02	1.142983785640334190e+03
2.625040585979504515e-01	6.091398670438174373e-02	1.142048849077645173e+03
2.627187813659554450e-01	7.005225058066304189e-02	1.141115440781535199e+03
2.629335041339604384e-01	8.490766811479653897e-02	1.140183557007860372e+03
2.631482269019653764e-01	1.040658779138845941e-01	1.139253194024698132e+03
2.633629496699703698e-01	1.246903368204868995e-01	1.138324348112294501e+03
2.635776724379753633e-01	1.460062163462926277e-01	1.137397015563018385e+03
2.637923952059803567e-01	1.704014861034207073e-01	1.136471192681310185e+03
2.640071179739853502e-01	2.004244606028394993e-01	1.135546875783632913e+03
2.642218407419902881e-01	2.343602531108634479e-01	1.134624061198423306e+03
2.644365635099952816e-01	2.647161317435912098e-01	1.133702745266043166e+03
2.646512862780002751e-01	2.815527461447675517e-01	1.132782924338731846e+03
2.648660090460052685e-01	2.784862220978821523e-01	1.131864594780556672e+03
2.650807318140102065e-01	2.568510535325503330e-01	1.130947752967366796e+03
2.652954545820151999e-01	2.249107432296459375e-01	1.130032395286743167e+03
2.655101773500201934e-01	1.929689168340220640e-01	1.129118518137953288e+03
2.657249001180251868e-01	1.683345390592964341e-01	1.128206117931903464e+03
2.659396228860301248e-01	1.536933816901385474e-01	1.127295191091091056e+03
2.661543456540351182e-01	1.491301849770365062e-01	1.126385734049557414e+03
2.663690684220401117e-01	1.549263810658824680e-01	1.125477743252843766e+03
2.665837911900451052e-01	1.719888909286345635e-01	1.124571215157941651e+03
2.667985139580500431e-01	1.993754623714621144e-01	1.123666146233249947e+03
2.670132367260550366e-01	2.314207548083952459e-01	1.122762532958525753e+03
2.672279594940600300e-01	2.576948781709220704e-01	1.121860371824841877e+03
2.674426822620650235e-01	2.668592427990240101e-01	1.120959659334539992e+03
2.676574050300699614e-01	2.523724163282690114e-01	1.120060392001184709e+03
2.678721277980749549e-01	2.163841940279188913e-01	1.119162566349519238e+03
2.680868505660799483e-01	1.690382431737443847e-01	1.118266178915422188e+03
2.683015733340849418e-01	1.232410910348383237e-01	1.117371226245859816e+03
2.685162961020899353e-01	8.814127595665928461e-02	1.116477704898844650e+03
2.687310188700948732e-01	6.572098852043126160e-02	1.115585611443390235e+03
2.689457416380998667e-01	5.253416899234576026e-02	1.114694942459465665e+03
2.691604644061048601e-01	4.441632559148058629e-02	1.113805694537954423e+03
2.693751871741098536e-01	3.990819899122044490e-02	1.112917864280610274e+03
2.695899099421147915e-01	4.011292820633147183e-02	1.112031448300012926e+03
2.698046327101197850e-01	4.639892959408849216e-02	1.111146443219525281e+03
2.700193554781247784e-01	5.895241132226110292e-02	1.110262845673251149e+03
2.702340782461297719e-01	7.748261187286577256e-02	1.109380652305992271e+03
2.704488010141347099e-01	1.026008783639543037e-01	1.108499859773206026e+03
2.706635237821397033e-01	1.355638729904727890e-01	1.107620464740962007e+03
2.708782465501446968e-01	1.760348616096127916e-01	1.106742463885901998e+03
2.710929693181496902e-01	2.200926623184731035e-01	1.105865853895196778e+03
2.713076920861546282e-01	2.609021104013557468e-01	1.104990631466504738e+03
2.715224148541596216e-01	2.918331682641586156e-01	1.104116793307929356e+03
2.717371376221646151e-01	3.092755839366752024e-01	1.103244336137980099e+03
2.719518603901696086e-01	3.128702200200834116e-01	1.102373256685530350e+03
2.721665831581746020e-01	3.037904019802009081e-01	1.101503551689775350e+03
2.723813059261795400e-01	2.835757554701948124e-01	1.100635217900193766e+03
2.725960286941845334e-01	2.546833343288288365e-01	1.099768252076504496e+03
2.728107514621895269e-01	2.212928035375998082e-01	1.098902650988628466e+03
2.730254742301945203e-01	1.884906066730601681e-01	1.098038411416648842e+03
2.732401969981994583e-01	1.601803784443672218e-01	1.097175530150768736e+03
2.734549197662044517e-01	1.378516787961216183e-01	1.096314003991273239e+03
2.736696425342094452e-01	1.213982370559804486e-01	1.095453829748489852e+03
2.738843653022144942e-01	1.108116871492725170e-01	1.094595004242748701e+03
2.740990880702193766e-01	1.066357513591081330e-01	1.093737524304343651e+03
2.743138108382243701e-01	1.085235844284908741e-01	1.092881386773491840e+03
2.745285336062293635e-01	1.135709617691573331e-01	1.092026588500297521e+03
2.747432563742344125e-01	1.169100968316792721e-01	1.091173126344711818e+03
2.749579791422392949e-01	1.149882028727436944e-01	1.090320997176493847e+03
2.751727019102442884e-01	1.085595450547139212e-01	1.089470197875173426e+03
2.753874246782493374e-01	1.017910951500839573e-01	1.088620725330012647e+03
2.756021474462543308e-01	9.784503728584233173e-02	1.087772576439967679e+03
2.758168702142593243e-01	9.558484465431282828e-02	1.086925748113652389e+03
2.760315929822642067e-01	9.101015335760630209e-02	1.086080237269298550e+03
2.762463157502692557e-01	8.166186438529944580e-02	1.085236040834719461e+03
2.764610385182742491e-01	6.923630698391022853e-02	1.084393155747273568e+03
2.766757612862792426e-01	5.827868829012668173e-02	1.083551578953827175e+03
2.768904840542841805e-01	5.315170947090288450e-02	1.082711307410716017e+03
2.771052068222891740e-01	5.641788930629564741e-02	1.081872338083710019e+03
2.773199295902941675e-01	6.918819489717852045e-02	1.081034667947976914e+03
2.775346523582991609e-01	9.155671098522141782e-02	1.080198293988045407e+03
2.777493751263040989e-01	1.217766894154351659e-01	1.079363213197768800e+03
2.779640978943090923e-01	1.554389564504883303e-01	1.078529422580288610e+03
2.781788206623140858e-01	1.870998174284353721e-01	1.077696919148000461e+03
2.783935434303190792e-01	2.145851073739739601e-01	1.076865699922516342e+03
2.786082661983240172e-01	2.427082963698304896e-01	1.076035761934630955e+03
2.788229889663290106e-01	2.824485104456210816e-01	1.075207102224283744e+03
2.790377117343340041e-01	3.451498329400730092e-01	1.074379717840526837e+03
2.792524345023389976e-01	4.358818728262321418e-01	1.073553605841487979e+03
2.794671572703439355e-01	5.509197613099412472e-01	1.072728763294336886e+03
2.796818800383489290e-01	6.800123631542417391e-01	1.071905187275248636e+03
2.798966028063539224e-01	8.092070471232528650e-01	1.071082874869370926e+03
2.801113255743589159e-01	9.206504515631313001e-01	1.070261823170789739e+03
2.803260483423639093e-01	9.918138567915928405e-01	1.069442029282493195e+03
2.805407711103688473e-01	1.000000000000000000e+00	1.068623490316340622e+03
2.807554938783738407e-01	9.330245376720335271e-01	1.067806203393024816e+03
2.809702166463788342e-01	7.988720044430802636e-01	1.066990165642041347e+03
2.811849394143838277e-01	6.256966237250609630e-01	1.066175374201653540e+03
2.813996621823887656e-01	4.506444304947758162e-01	1.065361826218860188e+03
2.816143849503937591e-01	3.044794836068557276e-01	1.064549518849359629e+03
2.818291077183987525e-01	2.015727176392264897e-01	1.063738449257519960e+03
2.820438304864037460e-01	1.400668398650251334e-01	1.062928614616343566e+03
2.822585532544086839e-01	1.093367736653674260e-01	1.062120012107436423e+03
2.824732760224136774e-01	9.777342560305982144e-02	1.061312638920971949e+03
2.826879987904186708e-01	9.656777806542032883e-02	1.060506492255663034e+03
2.829027215584236643e-01	1.005573751048369352e-01	1.059701569318725433e+03
2.831174443264286023e-01	1.085301037022130266e-01	1.058897867325848893e+03
2.833321670944335957e-01	1.221875722857251184e-01	1.058095383501162132e+03
2.835468898624385892e-01	1.417891152713923464e-01	1.057294115077202378e+03
2.837616126304435826e-01	1.607534185114657677e-01	1.056494059294884892e+03
2.839763353984485206e-01	1.656398840981764542e-01	1.055695213403468188e+03
2.841910581664535140e-01	1.449060466562591964e-01	1.054897574660524924e+03
2.844057809344585075e-01	1.009626736326662416e-01	1.054101140331909619e+03
2.846205037024635010e-01	5.437434679813587385e-02	1.053305907691727498e+03
2.848352264704684944e-01	3.376531152319896950e-02	1.052511874022303346e+03
2.850499492384734324e-01	5.734542796785498803e-02	1.051719036614151264e+03
2.852646720064784258e-01	1.206188183997875391e-01	1.050927392765942159e+03
2.854793947744834193e-01	2.004130212148545476e-01	1.050136939784474635e+03
2.856941175424884127e-01	2.710011187707561664e-01	1.049347674984644527e+03
2.859088403104933507e-01	3.178406051158456647e-01	1.048559595689413300e+03
2.861235630784983441e-01	3.388911938061736073e-01	1.047772699229778254e+03
2.863382858465033376e-01	3.373463183701256307e-01	1.046986982944743204e+03
2.865530086145083311e-01	3.170736057648230188e-01	1.046202444181286864e+03
2.867677313825132690e-01	2.853387808191764075e-01	1.045419080294335117e+03
2.869824541505182625e-01	2.561052593399432697e-01	1.044636888646728949e+03
2.871971769185232559e-01	2.456903074193106939e-01	1.043855866609196937e+03
2.874118996865282494e-01	2.620414441081663215e-01	1.043076011560324559e+03
2.876266224545331873e-01	2.974332856352808196e-01	1.042297320886525085e+03
2.878413452225381808e-01	3.322480069820351600e-01	1.041519791982010247e+03
2.880560679905431742e-01	3.474845449274157616e-01	1.040743422248762045e+03
2.882707907585481677e-01	3.361051167655265681e-01	1.039968209096502505e+03
2.884855135265531612e-01	3.050284750102791875e-01	1.039194149942666400e+03
2.887002362945580991e-01	2.683080424177257117e-01	1.038421242212370771e+03
2.889149590625630926e-01	2.392098195464893717e-01	1.037649483338387427e+03
2.891296818305680860e-01	2.273918619536034191e-01	1.036878870761115195e+03
2.893444045985731350e-01	2.394707979612208382e-01	1.036109401928549914e+03
2.895591273665780174e-01	2.770997993512436253e-01	1.035341074296258284e+03
2.897738501345830109e-01	3.318074734080870836e-01	1.034573885327347170e+03
2.899885729025880043e-01	3.833367201017849335e-01	1.033807832492438365e+03
2.902032956705930533e-01	4.074061010404287919e-01	1.033042913269639484e+03
2.904180184385979357e-01	3.894036648967855174e-01	1.032279125144516456e+03
2.906327412066029292e-01	3.332664271577050474e-01	1.031516465610065552e+03
2.908474639746079782e-01	2.582167864408626001e-01	1.030754932166687013e+03
2.910621867426129716e-01	1.865927689867297179e-01	1.029994522322156627e+03
2.912769095106178541e-01	1.329112003309730616e-01	1.029235233591599581e+03
2.914916322786229030e-01	1.013092210382902092e-01	1.028477063497461813e+03
2.917063550466278965e-01	8.967944504351080259e-02	1.027720009569485001e+03
2.919210778146328900e-01	9.360100944214247431e-02	1.026964069344678819e+03
2.921358005826378834e-01	1.063942361003886311e-01	1.026209240367293660e+03
2.923505233506428214e-01	1.183685488604734465e-01	1.025455520188795390e+03
2.925652461186478148e-01	1.198870656204731461e-01	1.024702906367837159e+03
2.927799688866528083e-01	1.074985777635048545e-01	1.023951396470234727e+03
2.929946916546578017e-01	8.724812946502458200e-02	1.023200988068939182e+03
2.932094144226627397e-01	7.097563344643241512e-02	1.022451678744011247e+03
2.934241371906677331e-01	6.800567556385803125e-02	1.021703466082594787e+03
2.936388599586727266e-01	7.890347444170361935e-02	1.020956347678891575e+03
2.938535827266777201e-01	9.601223705369428540e-02	1.020210321134134915e+03
2.940683054946826580e-01	1.096795328205947828e-01	1.019465384056565199e+03
2.942830282626876515e-01	1.146041381861320901e-01	1.018721534061401712e+03
2.944977510306926449e-01	1.113282203466090525e-01	1.017978768770820011e+03
2.947124737986976384e-01	1.029641486999893218e-01	1.017237085813925319e+03
2.949271965667025763e-01	9.160598639797160048e-02	1.016496482826727288e+03
2.951419193347075698e-01	7.792654309717235439e-02	1.015756957452114534e+03
2.953566421027125632e-01	6.299385171199782529e-02	1.015018507339830990e+03
2.955713648707175567e-01	4.921298733969323158e-02	1.014281130146449641e+03
2.957860876387224947e-01	3.945633631548685349e-02	1.013544823535348087e+03
2.960008104067274881e-01	3.596647812860508109e-02	1.012809585176684095e+03
2.962155331747324816e-01	4.016077188918428659e-02	1.012075412747371274e+03
2.964302559427374750e-01	5.264546752650135775e-02	1.011342303931053493e+03
2.966449787107424685e-01	7.252252585040264155e-02	1.010610256418082145e+03
2.968597014787474064e-01	9.642363710283953504e-02	1.009879267905490792e+03
2.970744242467523999e-01	1.186409767989501374e-01	1.009149336096970728e+03
2.972891470147573934e-01	1.330792897853093071e-01	1.008420458702847668e+03
2.975038697827623868e-01	1.360527820341094762e-01	1.007692633440058103e+03
2.977185925507673248e-01	1.278808643344202245e-01	1.006965858032124856e+03
2.979333153187723182e-01	1.121098266251136927e-01	1.006240130209132531e+03
2.981480380867773117e-01	9.321189710809497930e-02	1.005515447707705789e+03
2.983627608547823051e-01	7.461034953847867079e-02	1.004791808270984461e+03
2.985774836227872431e-01	5.805172792467847009e-02	1.004069209648600690e+03
2.987922063907922365e-01	4.402617508576253669e-02	1.003347649596654833e+03
2.990069291587972300e-01	3.249097571754606256e-02	1.002627125877693629e+03
2.992216519268022235e-01	2.353777744834350399e-02	1.001907636260685422e+03
2.994363746948071614e-01	1.801569091634072639e-02	1.001189178520998894e+03
2.996510974628121549e-01	1.792116424652680576e-02	1.000471750440377946e+03
2.998658202308171483e-01	2.594062790972835250e-02	9.997553498069213447e+02
3.000805429988221418e-01	4.385042139992617605e-02	9.990399744150580545e+02
3.002952657668270797e-01	7.067435367047525396e-02	9.983256220655256357e+02
3.005099885348320732e-01	1.021391709519040014e-01	9.976122905653469388e+02
3.007247113028370666e-01	1.319913674787898117e-01	9.968999777278087322e+02
3.009394340708420601e-01	1.543072461836862419e-01	9.961886813724382819e+02
3.011541568388470536e-01	1.655602896342212305e-01	9.954783993249818650e+02
3.013688796068519915e-01	1.655796290388665826e-01	9.947691294173821461e+02
3.015836023748569850e-01	1.569910571676587652e-01	9.940608694877558946e+02
3.017983251428619784e-01	1.435938802350582300e-01	9.933536173803731799e+02
3.020130479108669719e-01	1.289619325083954660e-01	9.926473709456342931e+02
3.022277706788719098e-01	1.160902205650886365e-01	9.919421280400484875e+02
3.024424934468769033e-01	1.075527709234339047e-01	9.912378865262119234e+02
3.026572162148818967e-01	1.052777309708394643e-01	9.905346442727869771e+02
3.028719389828868902e-01	1.098905590684747663e-01	9.898323991544792761e+02
3.030866617508918281e-01	1.201169496478073778e-01	9.891311490520181451e+02
3.033013845188968216e-01	1.326983209546184206e-01	9.884308918521331861e+02
3.035161072869018151e-01	1.433026778419592417e-01	9.877316254475350661e+02
3.037308300549068085e-01	1.484422157642981688e-01	9.870333477368930062e+02
3.039455528229117465e-01	1.472286522424656741e-01	9.863360566248144323e+02
3.041602755909167399e-01	1.415629752803205799e-01	9.856397500218230334e+02
3.043749983589217334e-01	1.347896654345527023e-01	9.849444258443395483e+02
3.045897211269267268e-01	1.301474579023348677e-01	9.842500820146598244e+02
3.048044438949317758e-01	1.299945472475003694e-01	9.835567164609337851e+02
3.050191666629366583e-01	1.355817336301053111e-01	9.828643271171463311e+02
3.052338894309416517e-01	1.466411023773675770e-01	9.821729119230950573e+02
3.054486121989467007e-01	1.606148499734601220e-01	9.814824688243708124e+02
3.056633349669516941e-01	1.723500702081155744e-01	9.807929957723374628e+02
3.058780577349565766e-01	1.754931072807979775e-01	9.801044907241114288e+02
3.060927805029615700e-01	1.656155224526973668e-01	9.794169516425408801e+02
3.063075032709666190e-01	1.430373994065390619e-01	9.787303764961862953e+02
3.065222260389716125e-01	1.129509776059884896e-01	9.780447632593012486e+02
3.067369488069764949e-01	8.258690479394979744e-02	9.773601099118105822e+02
3.069516715749815439e-01	5.747786206807314197e-02	9.766764144392917615e+02
3.071663943429865373e-01	3.930164864406885533e-02	9.759936748329549800e+02
3.073811171109915308e-01	2.655232144838775080e-02	9.753118890896237190e+02
3.075958398789964132e-01	1.736284673990699801e-02	9.746310552117148518e+02
3.078105626470014622e-01	1.209877053949224429e-02	9.739511712072186356e+02
3.080252854150064556e-01	1.332459715490321578e-02	9.732722350896802936e+02
3.082400081830114491e-01	2.313494824833138216e-02	9.725942448781798930e+02
3.084547309510164426e-01	4.049429828807173115e-02	9.719171985973136998e+02
3.086694537190213805e-01	6.106081317889069243e-02	9.712410942771745113e+02
3.088841764870263740e-01	7.933559284602707817e-02	9.705659299533324429e+02
3.090988992550313674e-01	9.115069802666213306e-02	9.698917036668163973e+02
3.093136220230363609e-01	9.496633144437260921e-02	9.692184134640948514e+02
3.095283447910412988e-01	9.174377550238767276e-02	9.685460573970573250e+02
3.097430675590462923e-01	8.390852544612288633e-02	9.678746335229942588e+02
3.099577903270512858e-01	7.415058050237784137e-02	9.672041399045806429e+02
3.101725130950562792e-01	6.476539725347385534e-02	9.665345746098553263e+02
3.103872358630612172e-01	5.777394325649238410e-02	9.658659357122033953e+02
3.106019586310662106e-01	5.534673802700490475e-02	9.651982212903371874e+02
3.108166813990712041e-01	5.974116180098926893e-02	9.645314294282785568e+02
3.110314041670761975e-01	7.238595096096725467e-02	9.638655582153403429e+02
3.112461269350811355e-01	9.254845449180450212e-02	9.632006057461073851e+02
3.114608497030861289e-01	1.165285304510689235e-01	9.625365701204194693e+02
3.116755724710911224e-01	1.381707219160811240e-01	9.618734494433524560e+02
3.118902952390961159e-01	1.508450527263614782e-01	9.612112418252004318e+02
3.121050180071011093e-01	1.502352420958312784e-01	9.605499453814580875e+02
3.123197407751060473e-01	1.365173370980182765e-01	9.598895582328027558e+02
3.125344635431110407e-01	1.143970149871662012e-01	9.592300785050753120e+02
3.127491863111160342e-01	9.068311177099001863e-02	9.585715043292648261e+02
3.129639090791209721e-01	7.097255058205476086e-02	9.579138338414892360e+02
3.131786318471259656e-01	5.770219324735890998e-02	9.572570651829774988e+02
3.133933546151309590e-01	5.047911769192255094e-02	9.566011965000539021e+02
3.136080773831359525e-01	4.772380509747556343e-02	9.559462259441189644e+02
3.138228001511409460e-01	4.807628661307597473e-02	9.552921516716319275e+02
3.140375229191458839e-01	5.074699042836079699e-02	9.546389718440954084e+02
3.142522456871508774e-01	5.492100688382891421e-02	9.539866846280356185e+02
3.144669684551558708e-01	5.895790195138623374e-02	9.533352881949873563e+02
3.146816912231608643e-01	6.043785145751304211e-02	9.526847807214752493e+02
3.148964139911658022e-01	5.753613779954426521e-02	9.520351603889985199e+02
3.151111367591707957e-01	5.072757544351727543e-02	9.513864253840118863e+02
3.153258595271757891e-01	4.303899689617211866e-02	9.507385738979106691e+02
3.155405822951807826e-01	3.827170708183658815e-02	9.500916041270127153e+02
3.157553050631857205e-01	3.856894244376609521e-02	9.494455142725427095e+02
3.159700278311907140e-01	4.325093726078352296e-02	9.488003025406139841e+02
3.161847505991957075e-01	4.969922236961012152e-02	9.481559671422136262e+02
3.163994733672007009e-01	5.550571048199955115e-02	9.475125062931844013e+02
3.166141961352056389e-01	6.017103999494115979e-02	9.468699182142098607e+02
3.168289189032106323e-01	6.497325943259966985e-02	9.462282011307964922e+02
3.170436416712156258e-01	7.126328251680365267e-02	9.455873532732580315e+02
3.172583644392206192e-01	7.894697095177644064e-02	9.449473728766993190e+02
3.174730872072256127e-01	8.655960657376679523e-02	9.443082581810001557e+02
3.176878099752305507e-01	9.255330611548402697e-02	9.436700074307987052e+02
3.179025327432355441e-01	9.629798832948914533e-02	9.430326188754754639e+02
3.181172555112405376e-01	9.785260228599386434e-02	9.423960907691376860e+02
3.183319782792455310e-01	9.693992234719504830e-02	9.417604213706033534e+02
3.185467010472505245e-01	9.243506522763281219e-02	9.411256089433848047e+02
3.187614238152555179e-01	8.324939431650536792e-02	9.404916517556736153e+02
3.189761465832605114e-01	6.991682731120750505e-02	9.398585480803245673e+02
3.191908693512655049e-01	5.508640275599405861e-02	9.392262961948393922e+02
3.194055921192703873e-01	4.217089104749247724e-02	9.385948943813526739e+02
3.196203148872753808e-01	3.353323336733936288e-02	9.379643409266137724e+02
3.198350376552803742e-01	2.994374233753960279e-02	9.373346341219739770e+02
3.200497604232853677e-01	3.129949948516285579e-02	9.367057722633697949e+02
3.202644831912903611e-01	3.731754994712675050e-02	9.360777536513074892e+02
3.204792059592953546e-01	4.739160237503679124e-02	9.354505765908480726e+02
3.206939287273003480e-01	5.987846033128679801e-02	9.348242393915919592e+02
3.209086514953053415e-01	7.164720201247100351e-02	9.341987403676642998e+02
3.211233742633103350e-01	7.869885770842074968e-02	9.335740778376982689e+02
3.213380970313152174e-01	7.798684021961137247e-02	9.329502501248225599e+02
3.215528197993202109e-01	6.935563905926946104e-02	9.323272555566429673e+02
3.217675425673252043e-01	5.592911913860882517e-02	9.317050924652313597e+02
3.219822653353301978e-01	4.239170904191521400e-02	9.310837591871077166e+02
3.221969881033351912e-01	3.246094933057350196e-02	9.304632540632267137e+02
3.224117108713401847e-01	2.740301439421156601e-02	9.298435754389626027e+02
3.226264336393451782e-01	2.628233903060283455e-02	9.292247216640944316e+02
3.228411564073501716e-01	2.723875361286983224e-02	9.286066910927920617e+02
3.230558791753550540e-01	2.868958104224607689e-02	9.279894820836007057e+02
3.232706019433600475e-01	2.984562690971375581e-02	9.273730929994256940e+02
3.234853247113650410e-01	3.058008754867271028e-02	9.267575222075208785e+02
3.237000474793700344e-01	3.104114166587966517e-02	9.261427680794711250e+02
3.239147702473750279e-01	3.139016935100308325e-02	9.255288289911795800e+02
3.241294930153800213e-01	3.181538339089996087e-02	9.249157033228530054e+02
3.243442157833850148e-01	3.270544434240314075e-02	9.243033894589874535e+02
3.245589385513900083e-01	3.471509757587195460e-02	9.236918857883540568e+02
3.247736613193950017e-01	3.850835575629617258e-02	9.230811907039852713e+02
3.249883840873998841e-01	4.423869257901377056e-02	9.224713026031604386e+02
3.252031068554048776e-01	5.113011226561373079e-02	9.218622198873911202e+02
3.254178296234098711e-01	5.754484483579157261e-02	9.212539409624085920e+02
3.256325523914148645e-01	6.158701525805707067e-02	9.206464642381491785e+02
3.258472751594198580e-01	6.190333385505724512e-02	9.200397881287402697e+02
3.260619979274248514e-01	5.824622789693337244e-02	9.194339110524864509e+02
3.262767206954298449e-01	5.156134302694030669e-02	9.188288314318562016e+02
3.264914434634348939e-01	4.360564178108710526e-02	9.182245476934680255e+02
3.267061662314397208e-01	3.627144038425801631e-02	9.176210582680770358e+02
3.269208889994447143e-01	3.092344827541288962e-02	9.170183615905596071e+02
3.271356117674497077e-01	2.808667618556408285e-02	9.164164560999030300e+02
3.273503345354547012e-01	2.759981673535770452e-02	9.158153402391895952e+02
3.275650573034596946e-01	2.899457041052243972e-02	9.152150124555840875e+02
3.277797800714646881e-01	3.176809068095699101e-02	9.146154712003201439e+02
3.279945028394697371e-01	3.545642444148887351e-02	9.140167149286869517e+02
3.282092256074747305e-01	3.960475134497529887e-02	9.134187421000161748e+02
3.284239483754797240e-01	4.367303465754878572e-02	9.128215511776687663e+02
3.286386711434845509e-01	4.688130251451953778e-02	9.122251406290216664e+02
3.288533939114895444e-01	4.816364688984023368e-02	9.116295089254537061e+02
3.290681166794945378e-01	4.649844828187774115e-02	9.110346545423345788e+02
3.292828394474995313e-01	4.158791187646113802e-02	9.104405759590108573e+02
3.294975622155045802e-01	3.436698684478155935e-02	9.098472716587922378e+02
3.297122849835095737e-01	2.679168332598303587e-02	9.092547401289399431e+02
3.299270077515145672e-01	2.100584051337717889e-02	9.086629798606530812e+02
3.301417305195195606e-01	1.856738839938192401e-02	9.080719893490557979e+02
3.303564532875243875e-01	2.021123054083129658e-02	9.074817670931853399e+02
3.305711760555293810e-01	2.599497927050384988e-02	9.068923115959778443e+02
3.307858988235343745e-01	3.540518102094224878e-02	9.063036213642570829e+02
3.310006215915394234e-01	4.719734890089098689e-02	9.057156949087217299e+02
3.312153443595444169e-01	5.905556209565478859e-02	9.051285307439322878e+02
3.314300671275494103e-01	6.750418450976096441e-02	9.045421273882981268e+02
3.316447898955544038e-01	6.875401288123114685e-02	9.039564833640663437e+02
3.318595126635593973e-01	6.069012136173469740e-02	9.033715971973082333e+02
3.320742354315643907e-01	4.485221754698548446e-02	9.027874674179074646e+02
3.322889581995692176e-01	2.643474874478334360e-02	9.022040925595481440e+02
3.325036809675742666e-01	1.165008422766711932e-02	9.016214711597004907e+02
3.327184037355792601e-01	4.382446265770459370e-03	9.010396017596116280e+02
3.329331265035842535e-01	4.950419289793944223e-03	9.004584829042913725e+02
3.331478492715892470e-01	1.168115518474392364e-02	8.998781131425008653e+02
3.333625720395942404e-01	2.316327686818847251e-02	8.992984910267399528e+02
3.335772948075992339e-01	3.864990477200092728e-02	8.987196151132358182e+02
3.337920175756042274e-01	5.639316827235252988e-02	8.981414839619304757e+02
3.340067403436091098e-01	7.205067714208776564e-02	8.975640961364696295e+02
3.342214631116141033e-01	7.943277736333342887e-02	8.969874502041885762e+02
3.344361858796190967e-01	7.388369872421450546e-02	8.964115447361035649e+02
3.346509086476240902e-01	5.611250599604482997e-02	8.958363783068975863e+02
3.348656314156290836e-01	3.316083115845218365e-02	8.952619494949097998e+02
3.350803541836340771e-01	1.487336727904504247e-02	8.946882568821231416e+02
3.352950769516390706e-01	8.105311744551250974e-03	8.941152990541529562e+02
3.355097997196440640e-01	1.330906124520776952e-02	8.935430746002355136e+02
3.357245224876489464e-01	2.594241426021013167e-02	8.929715821132165274e+02
3.359392452556539399e-01	4.047808667285823780e-02	8.924008201895383081e+02
3.361539680236589334e-01	5.306775335026621410e-02	8.918307874292302131e+02
3.363686907916639268e-01	6.150190520427448876e-02	8.912614824358962551e+02
3.365834135596689203e-01	6.408288022597470601e-02	8.906929038167036197e+02
3.367981363276739137e-01	5.935139853719197806e-02	8.901250501823715240e+02
3.370128590956789072e-01	4.717079582948768141e-02	8.895579201471599617e+02
3.372275818636839007e-01	3.020549853114612437e-02	8.889915123288575387e+02
3.374423046316888941e-01	1.403836281561655214e-02	8.884258253487720367e+02
3.376570273996937765e-01	4.870907898941376039e-03	8.878608578317179081e+02
3.378717501676987700e-01	6.078961538978985488e-03	8.872966084060044523e+02
3.380864729357037635e-01	1.650050669723999650e-02	8.867330757034268345e+02
3.383011957037087569e-01	3.177903413949793865e-02	8.861702583592535802e+02
3.385159184717137504e-01	4.701070051019901053e-02	8.856081550122154340e+02
3.387306412397187438e-01	5.826657649799881628e-02	8.850467643044954684e+02
3.389453640077237373e-01	6.271664022673571759e-02	8.844860848817169199e+02
3.391600867757287308e-01	5.878059832080187452e-02	8.839261153929329566e+02
3.393748095437336132e-01	4.708193982472026057e-02	8.833668544906164470e+02
3.395895323117386067e-01	3.133722763680465984e-02	8.828083008306468855e+02
3.398042550797436001e-01	1.764358996542912325e-02	8.822504530723023208e+02
3.400189778477485936e-01	1.167470069667052301e-02	8.816933098782475327e+02
3.402337006157535870e-01	1.539070539366682762e-02	8.811368699145228902e+02
3.404484233837585805e-01	2.600758461440379199e-02	8.805811318505341205e+02
3.406631461517635739e-01	3.836198317503939498e-02	8.800260943590419629e+02
3.408778689197685674e-01	4.852460156608374292e-02	8.794717561161510275e+02
3.410925916877736164e-01	5.521501548925931979e-02	8.789181158012995638e+02
3.413073144557784433e-01	5.811504689929640477e-02	8.783651720972497969e+02
3.415220372237834368e-01	5.578900992696107092e-02	8.778129236900750811e+02
3.417367599917884302e-01	4.639103323005238505e-02	8.772613692691522829e+02
3.419514827597934237e-01	3.108068448099575096e-02	8.767105075271499572e+02
3.421662055277984171e-01	1.650243317811959584e-02	8.761603371600183436e+02
3.423809282958034106e-01	1.254496348520296387e-02	8.756108568669784518e+02
3.425956510638084596e-01	2.555409011513975689e-02	8.750620653505134214e+02
3.428103738318134530e-01	5.204010750424029746e-02	8.745139613163560171e+02
3.430250965998182799e-01	7.890951860830625053e-02	8.739665434734806695e+02
3.432398193678232734e-01	9.141752854182207122e-02	8.734198105340915390e+02
3.434545421358282669e-01	8.311128356083509472e-02	8.728737612136136477e+02
3.436692649038332603e-01	5.967217894169263293e-02	8.723283942306826475e+02
3.438839876718382538e-01	3.362380815102223447e-02	8.717837083071342477e+02
3.440987104398433027e-01	1.487111399867564222e-02	8.712397021679944373e+02
3.443134332078482962e-01	5.356181194906626218e-03	8.706963745414698224e+02
3.445281559758532897e-01	1.651458628480751561e-03	8.701537241589375071e+02
3.447428787438582831e-01	1.551782048638550033e-03	8.696117497549349764e+02
3.449576015118631100e-01	7.311756956191481013e-03	8.690704500671515689e+02
3.451723242798681035e-01	2.229777123912428383e-02	8.685298238364156305e+02
3.453870470478730970e-01	4.501297137944154647e-02	8.679898698066884890e+02
3.456017698158781459e-01	6.724818476943196510e-02	8.674505867250524034e+02
3.458164925838831394e-01	7.879563525875599161e-02	8.669119733417014686e+02
3.460312153518881328e-01	7.445182322314353174e-02	8.663740284099318387e+02
3.462459381198931263e-01	5.702277767180079227e-02	8.658367506861325182e+02
3.464606608878981198e-01	3.447964450958293514e-02	8.653001389297752439e+02
3.466753836559029467e-01	1.488749963696347177e-02	8.647641919034053899e+02
3.468901064239079401e-01	3.461804998050758107e-03	8.642289083726316221e+02
3.471048291919129891e-01	2.598902939444064364e-03	8.636942871061175993e+02
3.473195519599179826e-01	1.268597259790873663e-02	8.631603268755719682e+02
3.475342747279229760e-01	3.166409103210432452e-02	8.626270264557388145e+02
3.477489974959279695e-01	5.380705179581096731e-02	8.620943846243883399e+02
3.479637202639329630e-01	7.033728972960032189e-02	8.615624001623079948e+02
3.481784430319379564e-01	7.359894597932199745e-02	8.610310718532922465e+02
3.483931657999429499e-01	6.238785638551914287e-02	8.605003984841342799e+02
3.486078885679478323e-01	4.314647831181520760e-02	8.599703788446165618e+02
3.488226113359528258e-01	2.488222288084327577e-02	8.594410117275006087e+02
3.490373341039578192e-01	1.249201959131691041e-02	8.589122959285191428e+02
3.492520568719628127e-01	5.287915110625941370e-03	8.583842302463665419e+02
3.494667796399678061e-01	1.632181757591713231e-03	8.578568134826895175e+02
3.496815024079727996e-01	3.730672159567910515e-03	8.573300444420782469e+02
3.498962251759777931e-01	1.680679505704294960e-02	8.568039219320572784e+02
3.501109479439827865e-01	4.309091309671389536e-02	8.562784447630764362e+02
3.503256707119876689e-01	7.635982615177015764e-02	8.557536117485025216e+02
3.505403934799926624e-01	1.027951045847445150e-01	8.552294217046085123e+02
3.507551162479976559e-01	1.090285770221080114e-01	8.547058734505669690e+02
3.509698390160026493e-01	9.169612892093367829e-02	8.541829658084403718e+02
3.511845617840076428e-01	6.022524197570296167e-02	8.536606976031713430e+02
3.513992845520126362e-01	2.988478174206275068e-02	8.531390676625751439e+02
3.516140073200176297e-01	1.115539686906022454e-02	8.526180748173298980e+02
3.518287300880226232e-01	4.542582504249460633e-03	8.520977179009687461e+02
3.520434528560275056e-01	3.854682276009495541e-03	8.515779957498707518e+02
3.522581756240324991e-01	3.187681793387016176e-03	8.510589072032511240e+02
3.524728983920374925e-01	1.281928817011388552e-03	8.505404511031547372e+02
3.526876211600424860e-01	9.797577829418098461e-04	8.500226262944461268e+02
3.529023439280474794e-01	5.853831520646524469e-03	8.495054316248010764e+02
3.531170666960524729e-01	1.747674355391413969e-02	8.489888659446984320e+02
3.533317894640574663e-01	3.517563253010273783e-02	8.484729281074106666e+02
3.535465122320624598e-01	5.712069227042347597e-02	8.479576169689968310e+02
3.537612350000674533e-01	8.032400132018081840e-02	8.474429313882930046e+02
3.539759577680723357e-01	9.945331540888181776e-02	8.469288702269046780e+02
3.541906805360773292e-01	1.073407849140641940e-01	8.464154323491964078e+02
3.544054033040823226e-01	9.890964712462994857e-02	8.459026166222865868e+02
3.546201260720873161e-01	7.572681273723108619e-02	8.453904219160365301e+02
3.548348488400923095e-01	4.646924344728679823e-02	8.448788471030436540e+02
3.550495716080973030e-01	2.202160103803194394e-02	8.443678910586323809e+02
3.552642943761022964e-01	8.893551868634630778e-03	8.438575526608458404e+02
3.554790171441072899e-01	6.155867049338006533e-03	8.433478307904385929e+02
3.556937399121121723e-01	8.088686373015623043e-03	8.428387243308675352e+02
3.559084626801171658e-01	9.958347031083589901e-03	8.423302321682836009e+02
3.561231854481221593e-01	1.174387312834527380e-02	8.418223531915248259e+02
3.563379082161271527e-01	1.666722312177259732e-02	8.413150862921072530e+02
3.565526309841321462e-01	2.645419554292910772e-02	8.408084303642167470e+02
3.567673537521371396e-01	3.828727172832607079e-02	8.403023843047021728e+02
3.569820765201421331e-01	4.628173104359933898e-02	8.397969470130657328e+02
3.571967992881471265e-01	4.576152367998167353e-02	8.392921173914561450e+02
3.574115220561521755e-01	3.648266527554271110e-02	8.387878943446603444e+02
3.576262448241571690e-01	2.253336164506787240e-02	8.382842767800955244e+02
3.578409675921621624e-01	9.630045587992654837e-03	8.377812636078016340e+02
3.580556903601669894e-01	2.274473052468951005e-03	8.372788537404328508e+02
3.582704131281719828e-01	2.598851841130962303e-03	8.367770460932497372e+02
3.584851358961769763e-01	1.062894011400293375e-02	8.362758395841123047e+02
3.586998586641819697e-01	2.452397181900509843e-02	8.357752331334714881e+02
3.589145814321870187e-01	4.042402548062318940e-02	8.352752256643618693e+02
3.591293042001920122e-01	5.311631531744313156e-02	8.347758161023936054e+02
3.593440269681970056e-01	5.822460341113493143e-02	8.342770033757442434e+02
3.595587497362019991e-01	5.453118576418321262e-02	8.337787864151524673e+02
3.597734725042069925e-01	4.435945067621360066e-02	8.332811641539090033e+02
3.599881952722118195e-01	3.172492723438804368e-02	8.327841355278505944e+02
3.602029180402168684e-01	2.002046460530374286e-02	8.322876994753497684e+02
3.604176408082218619e-01	1.110365191167441735e-02	8.317918549373100632e+02
3.606323635762268554e-01	5.961492952693574730e-03	8.312966008571576140e+02
3.608470863442318488e-01	5.508269957973155329e-03	8.308019361808328540e+02
3.610618091122368423e-01	1.015972279448431118e-02	8.303078598567838071e+02
3.612765318802418357e-01	1.851891704156908083e-02	8.298143708359584707e+02
3.614912546482466627e-01	2.693847565972397676e-02	8.293214680717975398e+02
3.617059774162517116e-01	3.114817639759803400e-02	8.288291505202261078e+02
3.619207001842567051e-01	2.900074854021269730e-02	8.283374171396477550e+02
3.621354229522616985e-01	2.195832273398337295e-02	8.278462668909359081e+02
3.623501457202666920e-01	1.384044219391050885e-02	8.273556987374278151e+02
3.625648684882716855e-01	7.861014804134465114e-03	8.268657116449155637e+02
3.627795912562766789e-01	4.674060049888738820e-03	8.263763045816406247e+02
3.629943140242816724e-01	3.146798274181860939e-03	8.258874765182852116e+02
3.632090367922866658e-01	2.671814964185065342e-03	8.253992264279656865e+02
3.634237595602915483e-01	4.186480983466301688e-03	8.249115532862258533e+02
3.636384823282965417e-01	8.725362287378645582e-03	8.244244560710280894e+02
3.638532050963015352e-01	1.533765443006524128e-02	8.239379337627478890e+02
3.640679278643065286e-01	2.093248808741760003e-02	8.234519853441665873e+02
3.642826506323115221e-01	2.243266800276726147e-02	8.229666098004631749e+02
3.644973734003165156e-01	1.921986966310974473e-02	8.224818061192088408e+02
3.647120961683215090e-01	1.360012688604165729e-02	8.219975732903579910e+02
3.649268189363265025e-01	8.847222338379066159e-03	8.215139103062432469e+02
3.651415417043314959e-01	6.623420154428892939e-03	8.210308161615665767e+02
3.653562644723363784e-01	6.206137320174885327e-03	8.205482898533941807e+02
3.655709872403413718e-01	6.086425604977841602e-03	8.200663303811473952e+02
3.657857100083463653e-01	5.941885855637560852e-03	8.195849367465979185e+02
3.660004327763513587e-01	6.754451182241506466e-03	8.191041079538599661e+02
3.662151555443563522e-01	9.225691810804190554e-03	8.186238430093831084e+02
3.664298783123613457e-01	1.254509501210761269e-02	8.181441409219456773e+02
3.666446010803663391e-01	1.485463569538473215e-02	8.176650007026483991e+02
3.668593238483712216e-01	1.484126602743221328e-02	8.171864213649071189e+02
3.670740466163762150e-01	1.296739827426734125e-02	8.167084019244454112e+02
3.672887693843812085e-01	1.120865038545555518e-02	8.162309413992894633e+02
3.675034921523862019e-01	1.130726111702059535e-02	8.157540388097600044e+02
3.677182149203911954e-01	1.301485250762939722e-02	8.152776931784661656e+02
3.679329376883961888e-01	1.419969724717626454e-02	8.148019035302986595e+02
3.681476604564011823e-01	1.291657734093434873e-02	8.143266688924230721e+02
3.683623832244061758e-01	9.280592483394486600e-03	8.138519882942731556e+02
3.685771059924111692e-01	5.193663273709491976e-03	8.133778607675448029e+02
3.687918287604160517e-01	2.489544003180808700e-03	8.129042853461886580e+02
3.690065515284210451e-01	1.599394088504185393e-03	8.124312610664037493e+02
3.692212742964260386e-01	1.746078466034019835e-03	8.119587869666313509e+02
3.694359970644310320e-01	1.951984154525100322e-03	8.114868620875487295e+02
3.696507198324360255e-01	1.829604608494102410e-03	8.110154854720611866e+02
3.698654426004410189e-01	1.713326849247868901e-03	8.105446561652972832e+02
3.700801653684460124e-01	2.164313452326136790e-03	8.100743732146014509e+02
3.702948881364510059e-01	3.283273490608257759e-03	8.096046356695278519e+02
3.705096109044560548e-01	4.509729756483284516e-03	8.091354425818336722e+02
3.707243336724608818e-01	5.135406629269592509e-03	8.086667930054733233e+02
3.709390564404658752e-01	4.945966391737210803e-03	8.081986859965915073e+02
3.711537792084708687e-01	4.304524928546457282e-03	8.077311206135168504e+02
3.713685019764758621e-01	3.720146628637197115e-03	8.072640959167565597e+02
3.715832247444808556e-01	3.446365872100298506e-03	8.067976109689888062e+02
3.717979475124858491e-01	3.419619998392176702e-03	8.063316648350572677e+02
3.720126702804908980e-01	3.475252123884498435e-03	8.058662565819649899e+02
3.722273930484958915e-01	3.635344985560044588e-03	8.054013852788672239e+02
3.724421158165008849e-01	4.174961178850463556e-03	8.049370499970664241e+02
3.726568385845057119e-01	5.311238545568064059e-03	8.044732498100055409e+02
3.728715613525107053e-01	6.826234360847534613e-03	8.040099837932608580e+02
3.730862841205156988e-01	8.090698499194179383e-03	8.035472510245375588e+02
3.733010068885206922e-01	8.458167779587162996e-03	8.030850505836629054e+02
3.735157296565257412e-01	7.603843058502979257e-03	8.026233815525800992e+02
3.737304524245307347e-01	5.662076945368316010e-03	8.021622430153416872e+02
3.739451751925357281e-01	3.292501226250326395e-03	8.017016340581044460e+02
3.741598979605405551e-01	1.511005269157061600e-03	8.012415537691229019e+02
3.743746207285455485e-01	1.046800696029453331e-03	8.007820012387427369e+02
3.745893434965505420e-01	1.687239867065274280e-03	8.003229755593958998e+02
3.748040662645555354e-01	2.429482699773832799e-03	7.998644758255941269e+02
3.750187890325605844e-01	2.398487637985620424e-03	7.994065011339228022e+02
3.752335118005655779e-01	1.569711927330039907e-03	7.989490505830352731e+02
3.754482345685705713e-01	6.525432168678403123e-04	7.984921232736464844e+02
3.756629573365755648e-01	4.401331635160519312e-04	7.980357183085280894e+02
3.758776801045805582e-01	1.260816413952676063e-03	7.975798347925011740e+02
3.760924028725853852e-01	2.831773397667896545e-03	7.971244718324322776e+02
3.763071256405903786e-01	4.484570708413124392e-03	7.966696285372248667e+02
3.765218484085954276e-01	5.586610411258114903e-03	7.962153040178163792e+02
3.767365711766004210e-01	5.877644268573304666e-03	7.957614973871707207e+02
3.769512939446054145e-01	5.484515743574921824e-03	7.953082077602731488e+02
3.771660167126104080e-01	4.672653103596209438e-03	7.948554342541236792e+02
3.773807394806154014e-01	3.646698140219164271e-03	7.944031759877326522e+02
3.775954622486203949e-01	2.602828387936120032e-03	7.939514320821140245e+02
3.778101850166253883e-01	1.887597659331656953e-03	7.935002016602800268e+02
3.780249077846302708e-01	1.941739942107990414e-03	7.930494838472359334e+02
3.782396305526352642e-01	2.936777963589168750e-03	7.925992777699726730e+02
3.784543533206402577e-01	4.440985839050884051e-03	7.921495825574635319e+02
3.786690760886452511e-01	5.561358673976312013e-03	7.917003973406572186e+02
3.788837988566502446e-01	5.557623664502578213e-03	7.912517212524722936e+02
3.790985216246552381e-01	4.383559264736983617e-03	7.908035534277919396e+02
3.793132443926602315e-01	2.657210800606839632e-03	7.903558930034582772e+02
3.795279671606651140e-01	1.149177333757319015e-03	7.899087391182669080e+02
3.797426899286702184e-01	2.875153738405328177e-04	7.894620909129604343e+02
3.799574126966751009e-01	2.484413832499262560e-05	7.890159475302253895e+02
3.801721354646800943e-01	3.942195221845357659e-05	7.885703081146834847e+02
3.803868582326850878e-01	4.843184117675041747e-05	7.881251718128889934e+02
3.806015810006900812e-01	1.038273558735867711e-05	7.876805377733215892e+02
3.808163037686950747e-01	8.760728073212412819e-05	7.872364051463815713e+02
3.810310265367000682e-01	4.244544677419229920e-04	7.867927730843845211e+02
3.812457493047050616e-01	9.660405411539888486e-04	7.863496407415556178e+02
3.814604720727099441e-01	1.488918851653675633e-03	7.859070072740242949e+02
3.816751948407149375e-01	1.777211373459230883e-03	7.854648718398187839e+02
3.818899176087199310e-01	1.758874069163603128e-03	7.850232335988612249e+02
3.821046403767249244e-01	1.522123620932389282e-03	7.845820917129622103e+02
3.823193631447299179e-01	1.252496312430117446e-03	7.841414453458148728e+02
3.825340859127349113e-01	1.138465241119922602e-03	7.837012936629906790e+02
3.827488086807399048e-01	1.271746703324160227e-03	7.832616358319332903e+02
3.829635314487448983e-01	1.580506735637866780e-03	7.828224710219532199e+02
3.831782542167498917e-01	1.843422660799674904e-03	7.823837984042236258e+02
3.833929769847547742e-01	1.808914105865479151e-03	7.819456171517740586e+02
3.836076997527597676e-01	1.379612183149857589e-03	7.815079264394853453e+02
3.838224225207647611e-01	7.257757314340056035e-04	7.810707254440852694e+02
3.840371452887697545e-01	1.851939304851579456e-04	7.806340133441428861e+02
3.842518680567747480e-01	5.912805154218043024e-07	7.801977893200624976e+02
3.844665908247797415e-01	1.343078536147017236e-04	7.797620525540802419e+02
3.846813135927847349e-01	3.268667134726064996e-04	7.793268022302578402e+02
3.848960363607897284e-01	3.454649638087235026e-04	7.788920375344779359e+02
3.851107591287947773e-01	2.178031996211351345e-04	7.784577576544380690e+02
3.853254818967996043e-01	2.270549175831669444e-04	7.780239617796478342e+02
3.855402046648045977e-01	6.231179050933122188e-04	7.775906491014205812e+02
3.857549274328095912e-01	1.320027952938499904e-03	7.771578188128719376e+02
3.859696502008145846e-01	1.935709080007595034e-03	7.767254701089118498e+02
3.861843729688195781e-01	2.163635830790012430e-03	7.762936021862416283e+02
3.863990957368245716e-01	2.037756682162859996e-03	7.758622142433476938e+02
3.866138185048296205e-01	1.790659824469208834e-03	7.754313054804971443e+02
3.868285412728344475e-01	1.561180161821891727e-03	7.750008750997332072e+02
3.870432640408394409e-01	1.325535160707614398e-03	7.745709223048689864e+02
3.872579868088444344e-01	1.014726944405892331e-03	7.741414463014843932e+02
3.874727095768494278e-01	6.157552163774324128e-04	7.737124462969195520e+02
3.876874323448544213e-01	2.344712171549557318e-04	7.732839215002708215e+02
3.879021551128594147e-01	9.149707172282110432e-05	7.728558711223863611e+02
3.881168778808644637e-01	3.335240950413375120e-04	7.724282943758598776e+02
3.883316006488694572e-01	7.847056778856193989e-04	7.720011904750269878e+02
3.885463234168744506e-01	1.019533888170998754e-03	7.715745586359603294e+02
3.887610461848792776e-01	8.058923450321092219e-04	7.711483980764641046e+02
3.889757689528842710e-01	3.791433277434643921e-04	7.707227080160696460e+02
3.891904917208892645e-01	1.576226991376148562e-04	7.702974876760305278e+02
3.894052144888942579e-01	2.855786274353937703e-04	7.698727362793185875e+02
3.896199372568993069e-01	5.631451698103150365e-04	7.694484530506178999e+02
