time fs 	 Intensity a.u.
-2.330860221314138926e+03	9.408663032060329989e-12
-2.326307759944384543e+03	9.412251218565802572e-12
-2.321755298574630615e+03	9.416080613076373989e-12
-2.317202837204876232e+03	9.420236765178168894e-12
-2.312650375835122304e+03	9.424211782512107479e-12
-2.308097914465367921e+03	9.428782790323794815e-12
-2.303545453095613993e+03	9.433245282486663208e-12
-2.298992991725859611e+03	9.438107531048374370e-12
-2.294440530356105683e+03	9.443087006578725930e-12
-2.289888068986351300e+03	9.448255513313809413e-12
-2.285335607616597372e+03	9.453687612999437067e-12
-2.280783146246842989e+03	9.459253489428610071e-12
-2.276230684877088606e+03	9.465049687588273828e-12
-2.271678223507334678e+03	9.471031536728381411e-12
-2.267125762137580296e+03	9.477199932864575582e-12
-2.262573300767826368e+03	9.483663397131824680e-12
-2.258020839398071985e+03	9.490144534428320517e-12
-2.253468378028318057e+03	9.497003033232462290e-12
-2.248915916658563674e+03	9.504000451767056658e-12
-2.244363455288809746e+03	9.511348381262696023e-12
-2.239810993919055363e+03	9.518691120106623606e-12
-2.235258532549300980e+03	9.526269327713075642e-12
-2.230706071179547052e+03	9.533979268098309223e-12
-2.226153609809792670e+03	9.542184171254400196e-12
-2.221601148440038742e+03	9.550451338213639903e-12
-2.217048687070284359e+03	9.558887223182099643e-12
-2.212496225700530431e+03	9.567510287134045338e-12
-2.207943764330776048e+03	9.576285475092349783e-12
-2.203391302961022120e+03	9.585310526302527523e-12
-2.198838841591267737e+03	9.594787294118051355e-12
-2.194286380221513809e+03	9.604251058533894139e-12
-2.189733918851759427e+03	9.613849602301273461e-12
-2.185181457482005044e+03	9.623853097653825992e-12
-2.180628996112251116e+03	9.634015423522221200e-12
-2.176076534742496733e+03	9.644368616711095353e-12
-2.171524073372742805e+03	9.654983149783451066e-12
-2.166971612002988422e+03	9.665729110589859166e-12
-2.162419150633234494e+03	9.676725535364993075e-12
-2.157866689263480112e+03	9.688016250618903570e-12
-2.153314227893726184e+03	9.699407979155297589e-12
-2.148761766523971801e+03	9.711063157947584670e-12
-2.144209305154217418e+03	9.722999155931451239e-12
-2.139656843784463490e+03	9.735105364904974170e-12
-2.135104382414709107e+03	9.747534591823531688e-12
-2.130551921044955179e+03	9.760074805439883804e-12
-2.125999459675200796e+03	9.772906052080945242e-12
-2.121446998305446868e+03	9.785873263098354958e-12
-2.116894536935692486e+03	9.798990203368313126e-12
-2.112342075565938558e+03	9.812605759792919882e-12
-2.107789614196184175e+03	9.826358805258997704e-12
-2.103237152826430247e+03	9.840388455727640648e-12
-2.098684691456675864e+03	9.854500230797163848e-12
-2.094132230086921481e+03	9.868953781869235798e-12
-2.089579768717167553e+03	9.883518454633702001e-12
-2.085027307347413171e+03	9.898271800125237304e-12
-2.080474845977659243e+03	9.913538737211737918e-12
-2.075922384607904860e+03	9.928838678164099100e-12
-2.071369923238150932e+03	9.944532818811383877e-12
-2.066817461868396549e+03	9.960370616548810645e-12
-2.062265000498642621e+03	9.976451010656237178e-12
-2.057712539128888238e+03	9.992765871068627524e-12
-2.053160077759134310e+03	1.000939765504825177e-11
-2.048607616389379928e+03	1.002621532224580379e-11
-2.044055155019625772e+03	1.004345169170594134e-11
-2.039502693649871617e+03	1.006063117473607808e-11
-2.034950232280117461e+03	1.007836036767581822e-11
-2.030397770910363306e+03	1.009600249677474890e-11
-2.025845309540608923e+03	1.011429497144730103e-11
-2.021292848170854768e+03	1.013261786488956330e-11
-2.016740386801100613e+03	1.015122372637477233e-11
-2.012187925431346457e+03	1.017029068760783788e-11
-2.007635464061592302e+03	1.018943446601188928e-11
-2.003083002691838146e+03	1.020889704339280051e-11
-1.998530541322083991e+03	1.022837848283266047e-11
-1.993978079952329836e+03	1.024842565862906020e-11
-1.989425618582575680e+03	1.026873198893938711e-11
-1.984873157212821525e+03	1.028914161391042134e-11
-1.980320695843067142e+03	1.031008229516547197e-11
-1.975768234473312987e+03	1.033105108700325331e-11
-1.971215773103558831e+03	1.035249057734350686e-11
-1.966663311733804676e+03	1.037391717242174495e-11
-1.962110850364050521e+03	1.039598208064941971e-11
-1.957558388994296365e+03	1.041825631652627010e-11
-1.953005927624542210e+03	1.044069232813729870e-11
-1.948453466254788054e+03	1.046350593423901188e-11
-1.943901004885033899e+03	1.048645566476856348e-11
-1.939348543515279744e+03	1.050997880901794417e-11
-1.934796082145525588e+03	1.053370626770287055e-11
-1.930243620775771205e+03	1.055742220198845023e-11
-1.925691159406017050e+03	1.058180923187690383e-11
-1.921138698036262895e+03	1.060652807391002570e-11
-1.916586236666508739e+03	1.063131305186020157e-11
-1.912033775296754584e+03	1.065661410805810808e-11
-1.907481313927000429e+03	1.068213372791351629e-11
-1.902928852557246273e+03	1.070790875765537951e-11
-1.898376391187492118e+03	1.073398337619863742e-11
-1.893823929817737962e+03	1.076050795194099969e-11
-1.889271468447983807e+03	1.078733194741319797e-11
-1.884719007078229424e+03	1.081451668501824930e-11
-1.880166545708475269e+03	1.084185903455425056e-11
-1.875614084338721113e+03	1.086981367563621519e-11
-1.871061622968966958e+03	1.089781501696979247e-11
-1.866509161599212803e+03	1.092631685013836013e-11
-1.861956700229458647e+03	1.095487371126901981e-11
-1.857404238859704492e+03	1.098410125712522185e-11
-1.852851777489950337e+03	1.101373510725164714e-11
-1.848299316120196181e+03	1.104356704703735962e-11
-1.843746854750442026e+03	1.107382412364726417e-11
-1.839194393380687643e+03	1.110437959742024395e-11
-1.834641932010933488e+03	1.113511693324124180e-11
-1.830089470641179332e+03	1.116637811014986966e-11
-1.825537009271425177e+03	1.119811061055908550e-11
-1.820984547901671021e+03	1.123014104463064326e-11
-1.816432086531916866e+03	1.126281020849004798e-11
-1.811879625162162711e+03	1.129529160085560863e-11
-1.807327163792408555e+03	1.132862718013667160e-11
-1.802774702422654400e+03	1.136207902528387545e-11
-1.798222241052900245e+03	1.139593734910970940e-11
-1.793669779683145862e+03	1.143041983387716862e-11
-1.789117318313391706e+03	1.146501875339751718e-11
-1.784564856943637551e+03	1.150004350639623219e-11
-1.780012395573883396e+03	1.153555951078189568e-11
-1.775459934204129240e+03	1.157149095703600288e-11
-1.770907472834375085e+03	1.160800245208436066e-11
-1.766355011464620929e+03	1.164466218181282454e-11
-1.761802550094866774e+03	1.168173751509749863e-11
-1.757250088725112619e+03	1.171948668845500656e-11
-1.752697627355358463e+03	1.175767780240016187e-11
-1.748145165985604308e+03	1.179614652077964049e-11
-1.743592704615849925e+03	1.183513922329698936e-11
-1.739040243246095770e+03	1.187445899206820116e-11
-1.734487781876341614e+03	1.191402464031693895e-11
-1.729935320506587459e+03	1.195481499462591468e-11
-1.725382859136833304e+03	1.199505813806580580e-11
-1.720830397767079148e+03	1.203597078467508502e-11
-1.716277936397324993e+03	1.207769330253340531e-11
-1.711725475027570837e+03	1.211980688572189253e-11
-1.707173013657816682e+03	1.216241001664870788e-11
-1.702620552288062527e+03	1.220633012907096880e-11
-1.698068090918308144e+03	1.225038407518808754e-11
-1.693515629548553989e+03	1.229333435908760591e-11
-1.688963168178799833e+03	1.233818600654636964e-11
-1.684410706809045678e+03	1.238338196069233936e-11
-1.679858245439291522e+03	1.242891690003293793e-11
-1.675305784069537367e+03	1.247555120602664001e-11
-1.670753322699783212e+03	1.252026009430719183e-11
-1.666200861330029056e+03	1.256974825507635252e-11
-1.661648399960274901e+03	1.261481714653369735e-11
-1.657095938590520745e+03	1.266592898079197494e-11
-1.652543477220766363e+03	1.271384220905929210e-11
-1.647991015851012207e+03	1.276241279875310272e-11
-1.643438554481258052e+03	1.281509786969202621e-11
-1.638886093111503897e+03	1.286609607061352991e-11
-1.634333631741749741e+03	1.291369131603357990e-11
-1.629781170371995586e+03	1.296929244697824961e-11
-1.625228709002241430e+03	1.301841787766978456e-11
-1.620676247632487275e+03	1.307303652359797472e-11
-1.616123786262733120e+03	1.312313255531666249e-11
-1.611571324892978964e+03	1.317908712514631615e-11
-1.607018863523224582e+03	1.323536669963413100e-11
-1.602466402153470426e+03	1.329636470566835409e-11
-1.597913940783716271e+03	1.335232702915887127e-11
-1.593361479413962115e+03	1.339869591775067425e-11
-1.588809018044207960e+03	1.346446985164208902e-11
-1.584256556674453805e+03	1.352260725488561940e-11
-1.579704095304699649e+03	1.358034001899179451e-11
-1.575151633934945494e+03	1.363710315145065096e-11
-1.570599172565191338e+03	1.370359880304200033e-11
-1.566046711195437183e+03	1.375529754047873995e-11
-1.561494249825682800e+03	1.382114874671922520e-11
-1.556941788455928645e+03	1.387822625081217361e-11
-1.552389327086174490e+03	1.393606967443944238e-11
-1.547836865716420334e+03	1.402098407652119386e-11
-1.543284404346666179e+03	1.407567525467211092e-11
-1.538731942976912023e+03	1.413773689711965828e-11
-1.534179481607157868e+03	1.419690550781521592e-11
-1.529627020237403713e+03	1.426401833437137138e-11
-1.525074558867649557e+03	1.432999160552426648e-11
-1.520522097497895402e+03	1.440806923940307842e-11
-1.515969636128141246e+03	1.447621974509827162e-11
-1.511417174758386864e+03	1.454179572076233519e-11
-1.506864713388632708e+03	1.460397763395118756e-11
-1.502312252018878553e+03	1.469267956144046737e-11
-1.497759790649124398e+03	1.475597056063572483e-11
-1.493207329279370242e+03	1.482689483252257315e-11
-1.488654867909616087e+03	1.491679230618020402e-11
-1.484102406539861931e+03	1.497356636422085990e-11
-1.479549945170107776e+03	1.505497194989978345e-11
-1.474997483800353621e+03	1.512173107242498054e-11
-1.470445022430599465e+03	1.523369556335785967e-11
-1.465892561060845082e+03	1.526758073214358455e-11
-1.461340099691090927e+03	1.536869564619976995e-11
-1.456787638321336772e+03	1.545960897650261762e-11
-1.452235176951582616e+03	1.552136370389627648e-11
-1.447682715581828461e+03	1.561677536064912135e-11
-1.443130254212074306e+03	1.569665209832625917e-11
-1.438577792842320150e+03	1.578793011246642469e-11
-1.434025331472565995e+03	1.584789658340642371e-11
-1.429472870102811839e+03	1.594718151394888113e-11
-1.424920408733057684e+03	1.602902926025430156e-11
-1.420367947363303301e+03	1.613549379579864154e-11
-1.415815485993549146e+03	1.622473659852693739e-11
-1.411263024623794990e+03	1.631398544494345929e-11
-1.406710563254040835e+03	1.642211730952931206e-11
-1.402158101884286680e+03	1.650784860781126543e-11
-1.397605640514532524e+03	1.656903342092565494e-11
-1.393053179144778369e+03	1.668237972071995798e-11
-1.388500717775024214e+03	1.677184230354845404e-11
-1.383948256405270058e+03	1.691689684632322917e-11
-1.379395795035515903e+03	1.698161280424358798e-11
-1.374843333665761520e+03	1.706852507489482342e-11
-1.370290872296007365e+03	1.718032922761802433e-11
-1.365738410926253209e+03	1.724736242755099302e-11
-1.361185949556499054e+03	1.746240172493899197e-11
-1.356633488186744898e+03	1.751335522167767115e-11
-1.352081026816990743e+03	1.762827660342710474e-11
-1.347528565447236588e+03	1.766853061468934836e-11
-1.342976104077482432e+03	1.780033349383804520e-11
-1.338423642707728277e+03	1.797340064013152254e-11
-1.333871181337974122e+03	1.802139860318038902e-11
-1.329318719968219966e+03	1.817073094936031535e-11
-1.324766258598465583e+03	1.824908066330031058e-11
-1.320213797228711428e+03	1.849563586101638833e-11
-1.315661335858957273e+03	1.859545616302208932e-11
-1.311108874489203117e+03	1.867954387550449577e-11
-1.306556413119448962e+03	1.868504329208733284e-11
-1.302003951749694806e+03	1.880043201665437008e-11
-1.297451490379940651e+03	1.916599071549955442e-11
-1.292899029010186496e+03	1.880025302600551449e-11
-1.288346567640432340e+03	1.964050397250761802e-11
-1.283794106270678185e+03	1.943005590719479209e-11
-1.279241644900923802e+03	1.936788607535392863e-11
-1.274689183531169647e+03	1.927354310497923799e-11
-1.270136722161415491e+03	2.165839614908781616e-11
-1.265584260791661336e+03	1.809815153842028413e-11
-1.261031799421907181e+03	2.080061801032601217e-11
-1.256479338052153025e+03	2.120049580228905148e-11
-1.251926876682398870e+03	1.959195093014776272e-11
-1.247374415312644715e+03	2.247452260646249811e-11
-1.242821953942890559e+03	2.158314728280099800e-11
-1.238269492573136404e+03	2.084404552185390343e-11
-1.233717031203382021e+03	1.977403566435561768e-11
-1.229164569833627866e+03	2.124244079025278736e-11
-1.224612108463873710e+03	2.456457975266980235e-11
-1.220059647094119555e+03	1.696647430415670633e-11
-1.215507185724365399e+03	1.981388487865261468e-11
-1.210954724354611244e+03	2.286743594947782188e-11
-1.206402262984857089e+03	1.905199466461229511e-11
-1.201849801615102933e+03	1.615892583156783517e-11
-1.197297340245348778e+03	2.754332048671887220e-11
-1.192744878875594623e+03	2.488679631676330264e-11
-1.188192417505840240e+03	1.785284480477713529e-11
-1.183639956136086084e+03	1.875992298715609442e-11
-1.179087494766331929e+03	2.386671021661823128e-11
-1.174535033396577774e+03	2.699461691355113267e-11
-1.169982572026823618e+03	2.559149455601247925e-11
-1.165430110657069463e+03	3.527058394235426055e-11
-1.160877649287315307e+03	2.943855146935932823e-11
-1.156325187917561152e+03	2.680818044322664815e-11
-1.151772726547806997e+03	2.533645779511156979e-11
-1.147220265178052841e+03	1.619802790118430473e-11
-1.142667803808298686e+03	2.694364461902422343e-11
-1.138115342438544303e+03	2.243896699857766975e-11
-1.133562881068790148e+03	2.730813751006338701e-11
-1.129010419699035992e+03	2.079766699960757314e-11
-1.124457958329281837e+03	1.751233227267980287e-11
-1.119905496959527682e+03	3.019314587759511972e-11
-1.115353035589773526e+03	2.644540859891914848e-11
-1.110800574220019371e+03	2.709731416646076590e-11
-1.106248112850265215e+03	3.408868029151054145e-11
-1.101695651480511060e+03	2.099569110491843450e-11
-1.097143190110756905e+03	3.578285648160465596e-11
-1.092590728741002522e+03	3.520248944999308475e-11
-1.088038267371248367e+03	2.780434745810969903e-11
-1.083485806001494211e+03	1.581153704329288861e-11
-1.078933344631740056e+03	2.268986488935799912e-11
-1.074380883261985900e+03	3.222847599000277320e-11
-1.069828421892231745e+03	2.768424896509457630e-11
-1.065275960522477590e+03	3.224562187109769665e-11
-1.060723499152723434e+03	3.542929462145689123e-11
-1.056171037782969279e+03	1.215585301501370158e-11
-1.051618576413215123e+03	3.181866099018324245e-11
-1.047066115043460741e+03	2.994283460652641321e-11
-1.042513653673706585e+03	3.772696708904337794e-11
-1.037961192303952430e+03	4.701442151234721269e-11
-1.033408730934198275e+03	1.408438495827788340e-11
-1.028856269564444119e+03	3.118596347585509929e-11
-1.024303808194689964e+03	2.895536097096961828e-11
-1.019751346824935808e+03	6.050797559484452000e-11
-1.015198885455181653e+03	2.529461336438546220e-11
-1.010646424085427384e+03	3.559600252048842490e-11
-1.006093962715673229e+03	3.561088237062826966e-11
-1.001541501345919073e+03	2.940214139854796699e-11
-9.969890399761649178e+02	4.237044612536993356e-11
-9.924365786064107624e+02	3.803094341943205451e-11
-9.878841172366564933e+02	2.538804109331369470e-11
-9.833316558669023379e+02	2.327274206773938788e-11
-9.787791944971481826e+02	4.161920857404319792e-11
-9.742267331273940272e+02	2.492556504285971753e-11
-9.696742717576398718e+02	2.737585968579100594e-11
-9.651218103878856027e+02	5.093061718947364176e-11
-9.605693490181314473e+02	3.499244267389148974e-11
-9.560168876483772920e+02	4.987539816483229941e-11
-9.514644262786231366e+02	5.257366317387163333e-11
-9.469119649088689812e+02	5.491997053280466657e-11
-9.423595035391147121e+02	1.162440676238832728e-11
-9.378070421693605567e+02	7.345182819793658930e-11
-9.332545807996064013e+02	7.566578539113500098e-11
-9.287021194298522460e+02	2.124867992214548760e-11
-9.241496580600980906e+02	5.995858731933104384e-11
-9.195971966903438215e+02	3.802857832402272746e-11
-9.150447353205896661e+02	4.877624923528948770e-11
-9.104922739508355107e+02	7.327714999964543742e-11
-9.059398125810813553e+02	5.434152921318714004e-11
-9.013873512113272000e+02	2.820956498127349655e-11
-8.968348898415729309e+02	6.067577699113236783e-11
-8.922824284718187755e+02	1.090123440825134013e-10
-8.877299671020646201e+02	1.483584655739247451e-10
-8.831775057323104647e+02	4.889889366865486793e-11
-8.786250443625563094e+02	1.791319118479418677e-10
-8.740725829928021540e+02	5.963351276770775400e-10
-8.695201216230478849e+02	9.025817238800591856e-11
-8.649676602532937295e+02	7.379839761360328907e-10
-8.604151988835395741e+02	1.236533047894235778e-09
-8.558627375137854187e+02	9.185234009938374226e-09
-8.513102761440312634e+02	4.621777286972347176e-09
-8.467578147742769943e+02	1.544478259117130331e-08
-8.422053534045228389e+02	1.891792518201475459e-08
-8.376528920347686835e+02	1.915157821818706751e-08
-8.331004306650145281e+02	1.603588809570142809e-08
-8.285479692952603727e+02	2.641546060787474607e-08
-8.239955079255061037e+02	1.793265312155830813e-08
-8.194430465557519483e+02	5.555607016914967422e-08
-8.148905851859977929e+02	1.005480089954204644e-07
-8.103381238162436375e+02	1.054675471746699195e-07
-8.057856624464894821e+02	5.065841280355661388e-08
-8.012332010767352131e+02	2.778577668407218872e-08
-7.966807397069810577e+02	1.097268039431502762e-07
-7.921282783372269023e+02	9.154646655407414937e-08
-7.875758169674727469e+02	3.119440969029417488e-08
-7.830233555977185915e+02	3.268761305781651716e-08
-7.784708942279643225e+02	1.791191933635206694e-07
-7.739184328582101671e+02	2.593632724635842804e-07
-7.693659714884560117e+02	1.620076746153317424e-08
-7.648135101187018563e+02	8.931391698319120515e-08
-7.602610487489477009e+02	2.697163754525650335e-07
-7.557085873791934318e+02	3.205624636140504147e-08
-7.511561260094392765e+02	1.383344984989606226e-08
-7.466036646396851211e+02	1.012770128281813735e-07
-7.420512032699309657e+02	7.285162757843090475e-08
-7.374987419001768103e+02	2.375568167075963507e-07
-7.329462805304225412e+02	5.082583503290137851e-08
-7.283938191606683858e+02	5.284291957708194166e-08
-7.238413577909142305e+02	1.714534558133731975e-08
-7.192888964211600751e+02	7.530031234875345413e-08
-7.147364350514059197e+02	2.511187066228792294e-08
-7.101839736816516506e+02	1.821947795338070888e-07
-7.056315123118974952e+02	1.591114694297858758e-07
-7.010790509421433399e+02	2.532416271996117139e-08
-6.965265895723891845e+02	1.575907266811205376e-07
-6.919741282026350291e+02	1.064084813745570628e-07
-6.874216668328807600e+02	4.161874723964698096e-08
-6.828692054631266046e+02	1.018646246081250597e-07
-6.783167440933724492e+02	3.239921897791827273e-08
-6.737642827236182939e+02	3.235103981836674256e-07
-6.692118213538641385e+02	9.081002337950392163e-08
-6.646593599841099831e+02	2.004608821884519065e-08
-6.601068986143557140e+02	5.230207087383257661e-08
-6.555544372446015586e+02	3.977933460497136657e-07
-6.510019758748474032e+02	1.285183311149959948e-07
-6.464495145050932479e+02	2.882094177921359618e-07
-6.418970531353390925e+02	2.687247150444284573e-07
-6.373445917655848234e+02	1.361062249873262797e-07
-6.327921303958306680e+02	3.476012737917422508e-08
-6.282396690260765126e+02	3.627465955714749437e-07
-6.236872076563223573e+02	1.580455935014874881e-07
-6.191347462865682019e+02	1.488177573725186794e-07
-6.145822849168139328e+02	1.250945504769191001e-07
-6.100298235470597774e+02	9.936489716880401845e-08
-6.054773621773056220e+02	4.799282295237564352e-07
-6.009249008075514666e+02	1.042611644394920295e-06
-5.963724394377973113e+02	6.460096001998435841e-07
-5.918199780680430422e+02	5.122975215174344896e-07
-5.872675166982888868e+02	2.451717629777530574e-07
-5.827150553285347314e+02	1.241391332208370570e-08
-5.781625939587805760e+02	1.576247328459075491e-07
-5.736101325890264206e+02	1.700967254228691811e-07
-5.690576712192721516e+02	2.068392969158774345e-07
-5.645052098495179962e+02	1.778643383815548508e-07
-5.599527484797638408e+02	2.084403464828755534e-07
-5.554002871100096854e+02	5.114562294998864937e-08
-5.508478257402555300e+02	8.246453466162140021e-07
-5.462953643705012610e+02	2.457403087932400977e-09
-5.417429030007471056e+02	2.883092421269532671e-07
-5.371904416309929502e+02	4.512563308028129109e-07
-5.326379802612387948e+02	1.444352181295238977e-09
-5.280855188914846394e+02	1.574166427195738226e-07
-5.235330575217303704e+02	1.254918630872044265e-07
-5.189805961519762150e+02	2.379661925474460063e-07
-5.144281347822220596e+02	3.668135857243295525e-07
-5.098756734124679042e+02	1.612347663086568992e-07
-5.053232120427136351e+02	3.968334128416445765e-07
-5.007707506729594797e+02	4.699388817645479974e-09
-4.962182893032053244e+02	1.778209417308874577e-07
-4.916658279334511690e+02	3.490500484566594245e-07
-4.871133665636970136e+02	4.846641436455797602e-07
-4.825609051939427445e+02	4.536691291089689644e-07
-4.780084438241885891e+02	4.596651117040723007e-08
-4.734559824544344337e+02	2.819690292379424616e-07
-4.689035210846802784e+02	7.805253780469379909e-08
-4.643510597149261230e+02	5.158139851688369739e-07
-4.597985983451718539e+02	3.698998277058512472e-07
-4.552461369754176985e+02	7.315946555226809501e-07
-4.506936756056635431e+02	1.309980346094558669e-05
-4.461412142359093878e+02	2.508675081785109858e-05
-4.415887528661552324e+02	1.143126437643945205e-04
-4.370362914964010770e+02	5.847325996900822856e-05
-4.324838301266468079e+02	2.555549211774434202e-04
-4.279313687568926525e+02	3.775318555414623419e-04
-4.233789073871384971e+02	1.127981101502443942e-03
-4.188264460173843418e+02	1.613327490383210938e-03
-4.142739846476301864e+02	1.112231258956852690e-03
-4.097215232778759173e+02	1.303603639151905197e-03
-4.051690619081217619e+02	1.092310181156481508e-03
-4.006166005383676065e+02	1.500432594026435791e-03
-3.960641391686134511e+02	1.620978635159995695e-03
-3.915116777988592958e+02	1.418737972675946073e-03
-3.869592164291050267e+02	2.152817028598454779e-03
-3.824067550593508713e+02	4.439902930232384956e-03
-3.778542936895967159e+02	5.620766728397177557e-04
-3.733018323198425605e+02	3.586215782236810718e-03
-3.687493709500884052e+02	3.694595816446605372e-03
-3.641969095803341361e+02	1.923528584969705140e-03
-3.596444482105799807e+02	7.164655144226162993e-05
-3.550919868408258253e+02	5.968077705066959559e-05
-3.505395254710716699e+02	9.293233938955105345e-06
-3.459870641013175145e+02	2.462818749397451077e-04
-3.414346027315632455e+02	8.724980855068926707e-04
-3.368821413618090901e+02	2.024602813109751751e-03
-3.323296799920549347e+02	5.357334531997436609e-03
-3.277772186223007793e+02	2.880648121805105041e-03
-3.232247572525466239e+02	2.653010779756806783e-03
-3.186722958827923549e+02	1.175715721270061392e-03
-3.141198345130381995e+02	7.481720288719184708e-03
-3.095673731432840441e+02	1.765770360157938902e-03
-3.050149117735298887e+02	1.024091234151987924e-03
-3.004624504037757333e+02	9.134178871263965663e-04
-2.959099890340214642e+02	2.171709302794729360e-03
-2.913575276642673089e+02	6.467696779299177481e-03
-2.868050662945131535e+02	1.195576135021822370e-04
-2.822526049247589981e+02	4.718388653448999347e-03
-2.777001435550048427e+02	1.705911192280006212e-03
-2.731476821852505736e+02	1.342931394462922295e-03
-2.685952208154964183e+02	1.550194190088062009e-03
-2.640427594457422629e+02	2.624368447853585892e-04
-2.594902980759881075e+02	2.017899912008687402e-03
-2.549378367062339521e+02	4.632313997546836574e-04
-2.503853753364797683e+02	5.280880535898857357e-03
-2.458329139667255845e+02	1.060013231315537832e-02
-2.412804525969714007e+02	7.088438193103434141e-03
-2.367279912272172453e+02	4.402020642589650305e-03
-2.321755298574630615e+02	1.275907090103095727e-02
-2.276230684877088777e+02	7.085138114477042802e-03
-2.230706071179546939e+02	1.010276900689527010e-02
-2.185181457482005385e+02	9.654770640317826558e-03
-2.139656843784463547e+02	3.851243521650692548e-03
-2.094132230086921709e+02	5.147427206325685262e-03
-2.048607616389379871e+02	5.328462962979301290e-03
-2.003083002691838033e+02	6.341743523518925639e-03
-1.957558388994296479e+02	2.886098029199716131e-03
-1.912033775296754641e+02	5.703525442464578953e-03
-1.866509161599212803e+02	2.331115383382547420e-03
-1.820984547901670965e+02	3.487963754517286064e-03
-1.775459934204129127e+02	6.678535601690833642e-03
-1.729935320506587573e+02	3.735798695101555768e-04
-1.684410706809045735e+02	5.071274290904977805e-03
-1.638886093111503897e+02	6.150926321949218289e-03
-1.593361479413962059e+02	6.213002768842032161e-03
-1.547836865716420505e+02	1.106789011597088604e-02
-1.502312252018878667e+02	1.072648113168636445e-02
-1.456787638321336829e+02	2.746391842188412695e-03
-1.411263024623794990e+02	6.505925889406937877e-05
-1.365738410926253152e+02	4.203225008070254529e-04
-1.320213797228711599e+02	5.569906729489414090e-04
-1.274689183531169760e+02	2.620268602606474410e-04
-1.229164569833627922e+02	1.014878650247972271e-05
-1.183639956136086226e+02	1.230616199904116775e-04
-1.138115342438544388e+02	1.486325943248266804e-04
-1.092590728741002692e+02	2.897392585813938853e-04
-1.047066115043460854e+02	2.105335668954546496e-04
-1.001541501345919016e+02	1.588212161978497055e-05
-9.560168876483773204e+01	2.466805954563523604e-05
-9.104922739508354823e+01	4.418092047845508191e-05
-8.649676602532937864e+01	1.639046364154572613e-04
-8.194430465557519483e+01	2.837473420540889842e-04
-7.739184328582102523e+01	3.211765240117011666e-04
-7.283938191606684143e+01	4.303118266108147977e-04
-6.828692054631265762e+01	1.224550494843883132e-03
-6.373445917655848802e+01	1.277067192789246158e-03
-5.918199780680431132e+01	2.248108271035432343e-03
-5.462953643705013462e+01	2.464196943732617755e-03
-5.007707506729595082e+01	1.464455059712809273e-03
-4.552461369754177412e+01	6.517357566440595482e-04
-4.097215232778759741e+01	2.480856181593917237e-04
-3.641969095803342071e+01	8.488292559254106929e-04
-3.186722958827924401e+01	4.117491899160427571e-03
-2.731476821852506731e+01	1.164505502813214816e-03
-2.276230684877088706e+01	2.457886903502932898e-03
-1.820984547901671036e+01	8.133808563165907104e-04
-1.365738410926253366e+01	2.289879143855497179e-02
-9.104922739508355178e+00	3.408524282573672376e-02
-4.552461369754177589e+00	8.187601987152517413e-01
0.000000000000000000e+00	1.000000000000000000e+00
4.552461369754177589e+00	3.003378559866989872e-01
9.104922739508355178e+00	1.433193983085127576e-01
1.365738410926253366e+01	3.558116343219823452e-02
1.820984547901671036e+01	1.410310084532631972e-02
2.276230684877088706e+01	4.888113249433471627e-03
2.731476821852506731e+01	2.210444260681646619e-03
3.186722958827924401e+01	2.218232507117910701e-03
3.641969095803342071e+01	4.689389703627896804e-03
4.097215232778759741e+01	1.128516451927615970e-03
4.552461369754177412e+01	9.027817761281955273e-04
5.007707506729595082e+01	1.530884591358224909e-03
5.462953643705013462e+01	3.311799363989756991e-03
5.918199780680431132e+01	4.025147427290003480e-03
6.373445917655848802e+01	6.273675460561406111e-03
6.828692054631265762e+01	8.000435079168619762e-03
7.283938191606684143e+01	1.249686692116635037e-02
7.739184328582102523e+01	1.991883029511037212e-02
8.194430465557519483e+01	2.621999364309529623e-02
8.649676602532937864e+01	2.767769201632629822e-02
9.104922739508354823e+01	2.544471460583036179e-02
9.560168876483773204e+01	2.030896688592580615e-02
1.001541501345919016e+02	1.522269277271919886e-02
1.047066115043460854e+02	1.177838933759934974e-02
1.092590728741002692e+02	1.074008290205851965e-02
1.138115342438544388e+02	1.632002902313135426e-02
1.183639956136086226e+02	2.734911955499774033e-02
1.229164569833627922e+02	4.301579428898401336e-02
1.274689183531169760e+02	5.783246845379425710e-02
1.320213797228711599e+02	5.482075698136876230e-02
1.365738410926253152e+02	4.686932775495364356e-02
1.411263024623794990e+02	2.234789014426246875e-02
1.456787638321336829e+02	4.926847046349071106e-03
1.502312252018878667e+02	7.549671698769767946e-04
1.547836865716420505e+02	5.834194997942460884e-04
1.593361479413962059e+02	5.081913526876522631e-04
1.638886093111503897e+02	3.556600325729804930e-04
1.684410706809045735e+02	2.643036348274463822e-04
1.729935320506587573e+02	4.028320610291971529e-04
1.775459934204129127e+02	3.224034121866957685e-04
1.820984547901670965e+02	3.710141483408757384e-04
1.866509161599212803e+02	1.253792528194148514e-05
1.912033775296754641e+02	4.178396500666779864e-04
1.957558388994296479e+02	2.778807978694167917e-04
2.003083002691838033e+02	5.110457504021412604e-04
2.048607616389379871e+02	3.883708517532544311e-04
2.094132230086921709e+02	1.877173164521063649e-03
2.139656843784463547e+02	3.414344704778534507e-04
2.185181457482005385e+02	1.733545655758435852e-04
2.230706071179546939e+02	1.741096460989969858e-05
2.276230684877088777e+02	1.114023703307707709e-05
2.321755298574630615e+02	2.059007600314981970e-05
2.367279912272172453e+02	1.453905842445444526e-05
2.412804525969714007e+02	9.467532214208022054e-05
2.458329139667255845e+02	1.151733884475523393e-04
2.503853753364797683e+02	4.555980705747744968e-05
2.549378367062339521e+02	1.273842836935900865e-03
2.594902980759881075e+02	5.057208611312953052e-03
2.640427594457423766e+02	4.281842746866266862e-03
2.685952208154965319e+02	2.231457200274635042e-03
2.731476821852506873e+02	1.874587480304130711e-03
2.777001435550048427e+02	1.250165766046357121e-03
2.822526049247589981e+02	1.180641341465367552e-03
2.868050662945132672e+02	3.429985142298221470e-04
2.913575276642674226e+02	9.949251146995451286e-05
2.959099890340215779e+02	9.851450269473085216e-04
3.004624504037757333e+02	3.614022969660990979e-03
3.050149117735298887e+02	1.962479513168739753e-03
3.095673731432841578e+02	4.085532587160269850e-04
3.141198345130383132e+02	1.167349052505994676e-04
3.186722958827924685e+02	1.057255649157409902e-03
3.232247572525466239e+02	5.112937752978226986e-04
3.277772186223007793e+02	2.923005688226098945e-04
3.323296799920550484e+02	8.539617380530302362e-04
3.368821413618092038e+02	1.955947766424004537e-03
3.414346027315633592e+02	2.644823731900869911e-03
3.459870641013175145e+02	4.193738051425708116e-03
3.505395254710716699e+02	9.689717759067755301e-03
3.550919868408258253e+02	9.218866592870134536e-04
3.596444482105800944e+02	5.460839979037224873e-03
3.641969095803342498e+02	1.370375248407895447e-03
3.687493709500884052e+02	1.704007268597819988e-03
3.733018323198425605e+02	7.597021489950043886e-04
3.778542936895967159e+02	3.213081979856425771e-05
3.824067550593509850e+02	3.269150566812132567e-03
3.869592164291051404e+02	1.730557953956904328e-03
3.915116777988592958e+02	6.401477487614931107e-03
3.960641391686134511e+02	3.704259447062899398e-03
4.006166005383676065e+02	5.081501507898043488e-03
4.051690619081218756e+02	2.894522269526602059e-03
4.097215232778760310e+02	6.299878522931710162e-03
4.142739846476301864e+02	9.802678247013106583e-04
4.188264460173843418e+02	4.132724468177892234e-03
4.233789073871384971e+02	6.119608067388287130e-03
4.279313687568927662e+02	3.923290312276683095e-03
4.324838301266469216e+02	9.539445192951362049e-03
4.370362914964010770e+02	1.916625648484102714e-03
4.415887528661552324e+02	8.395561525189101579e-03
4.461412142359093878e+02	1.389522669429736797e-02
4.506936756056636568e+02	1.204348865334584800e-04
4.552461369754178122e+02	2.213009855176742077e-05
4.597985983451719676e+02	1.287279609605256945e-05
4.643510597149261230e+02	5.452766021611089380e-06
4.689035210846802784e+02	4.510287189734863600e-06
4.734559824544345474e+02	3.743162234039254491e-06
4.780084438241887028e+02	3.997465700164003988e-08
4.825609051939428582e+02	5.684916511729870347e-07
4.871133665636970136e+02	5.511817493376475371e-07
4.916658279334511690e+02	1.982329389679984336e-06
4.962182893032054380e+02	5.523322634967922616e-07
5.007707506729595934e+02	7.131543676097862871e-07
5.053232120427137488e+02	3.748329238673982147e-06
5.098756734124679042e+02	1.129699495289756768e-06
5.144281347822220596e+02	6.134246988746794063e-07
5.189805961519762150e+02	1.916301555452432487e-06
5.235330575217303704e+02	1.163852337347028118e-06
5.280855188914846394e+02	1.997642582333215385e-06
5.326379802612387948e+02	1.091990586792514553e-06
5.371904416309929502e+02	7.681338602187138162e-08
5.417429030007471056e+02	1.526779829583788374e-06
5.462953643705012610e+02	4.815909413120079067e-07
5.508478257402555300e+02	5.885319884194742752e-07
5.554002871100096854e+02	7.285132100527767179e-08
5.599527484797638408e+02	3.322068432670832172e-07
5.645052098495179962e+02	2.689194854879513154e-08
5.690576712192721516e+02	8.831159289678558792e-07
5.736101325890264206e+02	6.943850164467529553e-07
5.781625939587805760e+02	2.660803299230297491e-08
5.827150553285347314e+02	5.352554871074791411e-08
5.872675166982888868e+02	5.695669802287323280e-08
5.918199780680430422e+02	2.016920024812372536e-07
5.963724394377973113e+02	1.535052847066122703e-07
6.009249008075514666e+02	4.903840749147003541e-08
6.054773621773056220e+02	5.231511939132696887e-08
6.100298235470597774e+02	1.334630890488019759e-07
6.145822849168139328e+02	3.914764732694591398e-08
6.191347462865682019e+02	8.887264677251832477e-08
6.236872076563223573e+02	3.483147544459047987e-08
6.282396690260765126e+02	5.078068763727240560e-09
6.327921303958306680e+02	5.000152680664110363e-08
6.373445917655848234e+02	6.538137638186492119e-08
6.418970531353390925e+02	1.517843553734906500e-07
6.464495145050932479e+02	1.072219785102434410e-07
6.510019758748474032e+02	4.192029700195164551e-07
6.555544372446015586e+02	2.968017626948723291e-08
6.601068986143557140e+02	4.332683575976130815e-08
6.646593599841099831e+02	3.159018307301665781e-08
6.692118213538641385e+02	1.117747368319168521e-07
6.737642827236182939e+02	5.026638705815316862e-08
6.783167440933724492e+02	2.456212866057709959e-08
6.828692054631266046e+02	5.598298632284659984e-07
6.874216668328807600e+02	1.161007169150549114e-08
6.919741282026350291e+02	2.109914169496264911e-07
6.965265895723891845e+02	2.167893919952402728e-07
7.010790509421433399e+02	4.204478679747990674e-08
7.056315123118974952e+02	8.896215689566970769e-08
7.101839736816516506e+02	1.248308139906073061e-07
7.147364350514059197e+02	1.236992896983442982e-07
7.192888964211600751e+02	8.022871474858063170e-08
7.238413577909142305e+02	3.239680031889975257e-07
7.283938191606683858e+02	8.116123553117209815e-08
7.329462805304225412e+02	2.712865649898365802e-07
7.374987419001768103e+02	3.208597515747999718e-07
7.420512032699309657e+02	3.270715659188352312e-07
7.466036646396851211e+02	6.379418390665896879e-08
7.511561260094392765e+02	1.063590662027376081e-07
7.557085873791934318e+02	1.440173634452338740e-07
7.602610487489477009e+02	1.535182139145759008e-07
7.648135101187018563e+02	7.267582248760189909e-07
7.693659714884560117e+02	9.131372089053524027e-07
7.739184328582101671e+02	4.521087066313606846e-07
7.784708942279643225e+02	1.575715887031153170e-07
7.830233555977185915e+02	3.555454731212803151e-07
7.875758169674727469e+02	3.744923940830505903e-08
7.921282783372269023e+02	4.912114048859676638e-08
7.966807397069810577e+02	2.386238028337025839e-07
8.012332010767352131e+02	1.951209633452586120e-07
8.057856624464894821e+02	1.990885211960322758e-07
8.103381238162436375e+02	2.752713665413881306e-07
8.148905851859977929e+02	1.633668519763079877e-07
8.194430465557519483e+02	2.072211976426621808e-08
8.239955079255061037e+02	2.569212971513578991e-08
8.285479692952603727e+02	8.470033656368867248e-08
8.331004306650145281e+02	5.885572635303056712e-08
8.376528920347686835e+02	7.562316645396605895e-08
8.422053534045228389e+02	1.058702932268048359e-07
8.467578147742769943e+02	1.397357631980899989e-07
8.513102761440312634e+02	2.283309498889435901e-07
8.558627375137854187e+02	1.638703107948932623e-07
8.604151988835395741e+02	1.645945257067714347e-07
8.649676602532937295e+02	1.233079044626286573e-08
8.695201216230478849e+02	1.861069671288627747e-08
8.740725829928021540e+02	7.540626051728416955e-08
8.786250443625563094e+02	1.009743046711432659e-07
8.831775057323104647e+02	1.304179261382501962e-07
8.877299671020646201e+02	2.165369998458932363e-07
8.922824284718187755e+02	4.465537387926028272e-08
8.968348898415729309e+02	6.672203443953543442e-09
9.013873512113272000e+02	1.303896258132162189e-11
9.059398125810813553e+02	3.268710953595396206e-11
9.104922739508355107e+02	4.767948243432753224e-11
9.150447353205896661e+02	9.953880714394107084e-12
9.195971966903438215e+02	4.212030480156533320e-12
9.241496580600980906e+02	2.398690630337113936e-11
9.287021194298522460e+02	5.430211330607832128e-11
9.332545807996064013e+02	2.379446013970136273e-11
9.378070421693605567e+02	8.901905766411897826e-12
9.423595035391147121e+02	5.501687543928092059e-11
9.469119649088689812e+02	4.721460412235328572e-11
9.514644262786231366e+02	7.758074254874934727e-12
9.560168876483772920e+02	6.924164386492667004e-11
9.605693490181314473e+02	2.091825542125890196e-11
9.651218103878856027e+02	7.016095902666780634e-12
9.696742717576398718e+02	2.811592354133519225e-11
9.742267331273940272e+02	1.049107744742003408e-11
9.787791944971481826e+02	2.468317763626027769e-11
9.833316558669023379e+02	5.462477491026861982e-12
9.878841172366564933e+02	4.129643154923450780e-11
9.924365786064107624e+02	1.500514614017902629e-11
9.969890399761649178e+02	7.741877573957441770e-11
1.001541501345919073e+03	2.163293583973192325e-11
1.006093962715673229e+03	7.498873523212015128e-12
1.010646424085427384e+03	2.927114498813077375e-11
1.015198885455181653e+03	4.585360391165716380e-11
1.019751346824935808e+03	3.521507821502442842e-11
1.024303808194689964e+03	1.049365754586132675e-11
1.028856269564444119e+03	3.254316525683863316e-11
1.033408730934198275e+03	2.153076052924242613e-11
1.037961192303952430e+03	3.022060363813170100e-11
1.042513653673706585e+03	1.715077851031959563e-11
1.047066115043460741e+03	3.311368160391706374e-11
1.051618576413215123e+03	2.884660277301654719e-11
1.056171037782969279e+03	1.638674756884706390e-11
1.060723499152723434e+03	2.276437013349591627e-11
1.065275960522477590e+03	3.259882400043268222e-11
1.069828421892231745e+03	2.526651882118034144e-11
1.074380883261985900e+03	4.147851077987390243e-11
1.078933344631740056e+03	2.037106760650563232e-11
1.083485806001494211e+03	2.279917214104711738e-11
1.088038267371248367e+03	4.505465368747529988e-11
1.092590728741002522e+03	1.780529125029980962e-11
1.097143190110756905e+03	2.921484615799887152e-11
1.101695651480511060e+03	4.203557824877534890e-11
1.106248112850265215e+03	8.132357391208301982e-12
1.110800574220019371e+03	2.519257743745983752e-11
1.115353035589773526e+03	2.248240173397060794e-11
1.119905496959527682e+03	1.364286982675012102e-11
1.124457958329281837e+03	2.057512382968990431e-11
1.129010419699035992e+03	2.869068350956169764e-11
1.133562881068790148e+03	1.013937067151667078e-11
1.138115342438544303e+03	1.672827918403766815e-11
1.142667803808298686e+03	1.194681130550208798e-11
1.147220265178052841e+03	2.694122838650959640e-11
1.151772726547806997e+03	1.824757916596460682e-11
1.156325187917561152e+03	2.274455926850479018e-11
1.160877649287315307e+03	4.459604375096554961e-12
1.165430110657069463e+03	1.179032916674253608e-11
1.169982572026823618e+03	3.074663723534137683e-11
1.174535033396577774e+03	3.147361957903775483e-11
1.179087494766331929e+03	3.104970471985243764e-11
1.183639956136086084e+03	8.032370280251056619e-12
1.188192417505840240e+03	1.093309994451776911e-11
1.192744878875594623e+03	2.168600004836557625e-11
1.197297340245348778e+03	2.324769041048251265e-11
1.201849801615102933e+03	1.922077040821746881e-11
1.206402262984857089e+03	1.078756862673974850e-11
1.210954724354611244e+03	1.796513948659381519e-11
1.215507185724365399e+03	1.193926298855705551e-11
1.220059647094119555e+03	2.238761442358684421e-11
1.224612108463873710e+03	1.356503466223177606e-11
1.229164569833627866e+03	1.541742093151540773e-11
1.233717031203382021e+03	1.669846282051592330e-11
1.238269492573136404e+03	1.725581900638792541e-11
1.242821953942890559e+03	1.616179664377250991e-11
1.247374415312644715e+03	1.908099372056371526e-11
1.251926876682398870e+03	1.532258948185410392e-11
1.256479338052153025e+03	1.404124531704299900e-11
1.261031799421907181e+03	1.793719383764901290e-11
1.265584260791661336e+03	1.711751950031651055e-11
1.270136722161415491e+03	1.726011608523102897e-11
1.274689183531169647e+03	2.015772837478297116e-11
1.279241644900923802e+03	1.979501675332436410e-11
1.283794106270678185e+03	1.442411800722355442e-11
1.288346567640432340e+03	1.848419788441312910e-11
1.292899029010186496e+03	1.573178902998793605e-11
1.297451490379940651e+03	1.492267585128314818e-11
1.302003951749694806e+03	1.606369857877046441e-11
1.306556413119448962e+03	1.718306585028922547e-11
1.311108874489203117e+03	1.499792823280910386e-11
1.315661335858957273e+03	1.371103104579139652e-11
1.320213797228711428e+03	1.440070902923084928e-11
1.324766258598465583e+03	1.601216914895432570e-11
1.329318719968219966e+03	1.451202367207851550e-11
1.333871181337974122e+03	1.295316036629936285e-11
1.338423642707728277e+03	1.467445301164883040e-11
1.342976104077482432e+03	1.490136621280396927e-11
1.347528565447236588e+03	1.454409203974794535e-11
1.352081026816990743e+03	1.455773299095065634e-11
1.356633488186744898e+03	1.447753436821936031e-11
1.361185949556499054e+03	1.445024130919217014e-11
1.365738410926253209e+03	1.436766349006772229e-11
1.370290872296007365e+03	1.431052757518832760e-11
1.374843333665761520e+03	1.419749934149701877e-11
1.379395795035515903e+03	1.417116727546999099e-11
1.383948256405270058e+03	1.412117232614970616e-11
1.388500717775024214e+03	1.408024618137526084e-11
1.393053179144778369e+03	1.391693131156846468e-11
1.397605640514532524e+03	1.384352959432954549e-11
1.402158101884286680e+03	1.382860574119955312e-11
1.406710563254040835e+03	1.378993370390834489e-11
1.411263024623794990e+03	1.372777953220630947e-11
1.415815485993549146e+03	1.362236126623479443e-11
1.420367947363303301e+03	1.358682863828545666e-11
1.424920408733057684e+03	1.350788145285491576e-11
1.429472870102811839e+03	1.346164569507628136e-11
1.434025331472565995e+03	1.340939867976527587e-11
1.438577792842320150e+03	1.336010606024251007e-11
1.443130254212074306e+03	1.327035217908198157e-11
1.447682715581828461e+03	1.324523055570480539e-11
1.452235176951582616e+03	1.323146444786522737e-11
1.456787638321336772e+03	1.316396635232926307e-11
1.461340099691090927e+03	1.304731860392118768e-11
1.465892561060845082e+03	1.301786783716545685e-11
1.470445022430599465e+03	1.298688770797462866e-11
1.474997483800353621e+03	1.289695687747908193e-11
1.479549945170107776e+03	1.285343500449506277e-11
1.484102406539861931e+03	1.283383031879458903e-11
1.488654867909616087e+03	1.276369628026045036e-11
1.493207329279370242e+03	1.271355219248930923e-11
1.497759790649124398e+03	1.265732057205878481e-11
1.502312252018878553e+03	1.262460373368996519e-11
1.506864713388632708e+03	1.254032209725717695e-11
1.511417174758386864e+03	1.250427421267120740e-11
1.515969636128141246e+03	1.246351216082765013e-11
1.520522097497895402e+03	1.242144559861150306e-11
1.525074558867649557e+03	1.240248384376592876e-11
1.529627020237403713e+03	1.235053033582923660e-11
1.534179481607157868e+03	1.227913318299154035e-11
1.538731942976912023e+03	1.225228537427189027e-11
1.543284404346666179e+03	1.219010510569778287e-11
1.547836865716420334e+03	1.214550066118799610e-11
1.552389327086174490e+03	1.210758630472891886e-11
1.556941788455928645e+03	1.207772797874640895e-11
1.561494249825682800e+03	1.204524114910530313e-11
1.566046711195437183e+03	1.200223202283676498e-11
1.570599172565191338e+03	1.195820192153398396e-11
1.575151633934945494e+03	1.190632884951435729e-11
1.579704095304699649e+03	1.187692490786444456e-11
1.584256556674453805e+03	1.182641044742820354e-11
1.588809018044207960e+03	1.180580252593078527e-11
1.593361479413962115e+03	1.174454781953189391e-11
1.597913940783716271e+03	1.168188518010245115e-11
1.602466402153470426e+03	1.168277624400375187e-11
1.607018863523224582e+03	1.164266945267600460e-11
1.611571324892978964e+03	1.159437143662817347e-11
1.616123786262733120e+03	1.156789565017832238e-11
1.620676247632487275e+03	1.152260132404719553e-11
1.625228709002241430e+03	1.149916643817699859e-11
1.629781170371995586e+03	1.145195751166036016e-11
1.634333631741749741e+03	1.141517500506271792e-11
1.638886093111503897e+03	1.139088619197227513e-11
1.643438554481258052e+03	1.135312819884697756e-11
1.647991015851012207e+03	1.130885212415301213e-11
1.652543477220766363e+03	1.127888185985271585e-11
1.657095938590520745e+03	1.125391066245467635e-11
1.661648399960274901e+03	1.121348820156340517e-11
1.666200861330029056e+03	1.118466952243754508e-11
1.670753322699783212e+03	1.115267182122523420e-11
1.675305784069537367e+03	1.112113156063798856e-11
1.679858245439291522e+03	1.109103052299576899e-11
1.684410706809045678e+03	1.105997384081563552e-11
1.688963168178799833e+03	1.102650119202305893e-11
1.693515629548553989e+03	1.100233712319364929e-11
1.698068090918308144e+03	1.096993779288691715e-11
1.702620552288062527e+03	1.094239579124908333e-11
1.707173013657816682e+03	1.091716414684409016e-11
1.711725475027570837e+03	1.088071179439695098e-11
1.716277936397324993e+03	1.085606801479905791e-11
1.720830397767079148e+03	1.082999783181231950e-11
1.725382859136833304e+03	1.080132117455345670e-11
1.729935320506587459e+03	1.077670430608537023e-11
1.734487781876341614e+03	1.074794429018676300e-11
1.739040243246095770e+03	1.072082988563140789e-11
1.743592704615849925e+03	1.069485321274528051e-11
1.748145165985604308e+03	1.066738279441714169e-11
1.752697627355358463e+03	1.064332641568997558e-11
1.757250088725112619e+03	1.061588359702319978e-11
1.761802550094866774e+03	1.059242098807614541e-11
1.766355011464620929e+03	1.056839562493468745e-11
1.770907472834375085e+03	1.054361242339559145e-11
1.775459934204129240e+03	1.051913428428960328e-11
1.780012395573883396e+03	1.049626071384822075e-11
1.784564856943637551e+03	1.047162785845467105e-11
1.789117318313391706e+03	1.044936617401344510e-11
1.793669779683145862e+03	1.042664383185962331e-11
1.798222241052900245e+03	1.040426755010423834e-11
1.802774702422654400e+03	1.038177652006664255e-11
1.807327163792408555e+03	1.036009480295072781e-11
1.811879625162162711e+03	1.033842633205138222e-11
1.816432086531916866e+03	1.031708925476579422e-11
1.820984547901671021e+03	1.029594712575606724e-11
1.825537009271425177e+03	1.027545126133035987e-11
1.830089470641179332e+03	1.025508015992094138e-11
1.834641932010933488e+03	1.023460315530078120e-11
1.839194393380687643e+03	1.021468647231597779e-11
1.843746854750442026e+03	1.019515572064698011e-11
1.848299316120196181e+03	1.017589009337278386e-11
1.852851777489950337e+03	1.015661943778852374e-11
1.857404238859704492e+03	1.013777584630177613e-11
1.861956700229458647e+03	1.011909720707082749e-11
1.866509161599212803e+03	1.010094139471688787e-11
1.871061622968966958e+03	1.008274273768005504e-11
1.875614084338721113e+03	1.006507501422603403e-11
1.880166545708475269e+03	1.004766683692464856e-11
1.884719007078229424e+03	1.003029262894498587e-11
1.889271468447983807e+03	1.001329545530432188e-11
1.893823929817737962e+03	9.996490990731374715e-12
1.898376391187492118e+03	9.980094257049981366e-12
1.902928852557246273e+03	9.963685516986207349e-12
1.907481313927000429e+03	9.947694846219816072e-12
1.912033775296754584e+03	9.931984342933795017e-12
1.916586236666508739e+03	9.916560629780603777e-12
1.921138698036262895e+03	9.901159918983565779e-12
1.925691159406017050e+03	9.886350805480980561e-12
1.930243620775771205e+03	9.871514791257377204e-12
1.934796082145525588e+03	9.856908629789831610e-12
1.939348543515279744e+03	9.842665563350555298e-12
1.943901004885033899e+03	9.828710748064796881e-12
1.948453466254788054e+03	9.814667136791448099e-12
1.953005927624542210e+03	9.801146817414753662e-12
1.957558388994296365e+03	9.787813775949824508e-12
1.962110850364050521e+03	9.774813653397139207e-12
1.966663311733804676e+03	9.761795606415544724e-12
1.971215773103558831e+03	9.749122003864372047e-12
1.975768234473312987e+03	9.736835831102906200e-12
1.980320695843067142e+03	9.724547282930510355e-12
1.984873157212821525e+03	9.712584098425930369e-12
1.989425618582575680e+03	9.700797323922951161e-12
1.993978079952329836e+03	9.689396459625682545e-12
1.998530541322083991e+03	9.677945657227129405e-12
2.003083002691838146e+03	9.666884388073650372e-12
2.007635464061592302e+03	9.656022181704616257e-12
2.012187925431346457e+03	9.645382663374586953e-12
2.016740386801100613e+03	9.635065431011238484e-12
2.021292848170854768e+03	9.624879185794701751e-12
2.025845309540608923e+03	9.614767635842799466e-12
2.030397770910363306e+03	9.605065692246667621e-12
2.034950232280117461e+03	9.595419034792995073e-12
2.039502693649871617e+03	9.586139246893058078e-12
2.044055155019625772e+03	9.577047266500501014e-12
2.048607616389379928e+03	9.568125969924916194e-12
2.053160077759134310e+03	9.559383735401803610e-12
2.057712539128888238e+03	9.550836756723448688e-12
2.062265000498642621e+03	9.542611153919588997e-12
2.066817461868396549e+03	9.534528216147407214e-12
2.071369923238150932e+03	9.526705440426245219e-12
2.075922384607904860e+03	9.518992791874738951e-12
2.080474845977659243e+03	9.511643506488034806e-12
2.085027307347413171e+03	9.504434515912241098e-12
2.089579768717167553e+03	9.497332694138423117e-12
2.094132230086921481e+03	9.490504307521056981e-12
2.098684691456675864e+03	9.483851468145369407e-12
2.103237152826430247e+03	9.477537999512472026e-12
2.107789614196184175e+03	9.471302702522844106e-12
2.112342075565938558e+03	9.465132169832881526e-12
2.116894536935692486e+03	9.459445075766348134e-12
2.121446998305446868e+03	9.453702563077934152e-12
2.125999459675200796e+03	9.448441289145770353e-12
2.130551921044955179e+03	9.443180716019778476e-12
2.135104382414709107e+03	9.438221233698497274e-12
2.139656843784463490e+03	9.433349566767091300e-12
2.144209305154217418e+03	9.428724691128989290e-12
2.148761766523971801e+03	9.424349390997366860e-12
2.153314227893726184e+03	9.420185468785774431e-12
2.157866689263480112e+03	9.416217526907790123e-12
2.162419150633234494e+03	9.412427402466286075e-12
2.166971612002988422e+03	9.408644468210693729e-12
2.171524073372742805e+03	9.405405489423534831e-12
2.176076534742496733e+03	9.402133726358743691e-12
2.180628996112251116e+03	9.399112795615485062e-12
2.185181457482005044e+03	9.396279671493101391e-12
2.189733918851759427e+03	9.393659213963456716e-12
2.194286380221513809e+03	9.391167927052169540e-12
2.198838841591267737e+03	9.388991885395758586e-12
2.203391302961022120e+03	9.386893747721845583e-12
2.207943764330776048e+03	9.385118285528966855e-12
2.212496225700530431e+03	9.383416131888371796e-12
2.217048687070284359e+03	9.381934524419416526e-12
2.221601148440038742e+03	9.380650776607875192e-12
2.226153609809792670e+03	9.379517859451125334e-12
2.230706071179547052e+03	9.378798752991022559e-12
2.235258532549300980e+03	9.378027174812827931e-12
2.239810993919055363e+03	9.377571137708829023e-12
2.244363455288809746e+03	9.377237118443010060e-12
2.248915916658563674e+03	9.377166712659695779e-12
2.253468378028318057e+03	9.377318285331987982e-12
2.258020839398071985e+03	9.377536149539036079e-12
2.262573300767826368e+03	9.378121034664162148e-12
2.267125762137580296e+03	9.378715139642503877e-12
2.271678223507334678e+03	9.379601205751000699e-12
2.276230684877088606e+03	9.380793088052354925e-12
2.280783146246842989e+03	9.381920115101013433e-12
2.285335607616597372e+03	9.383426810094942795e-12
2.289888068986351300e+03	9.385090733349931035e-12
2.294440530356105683e+03	9.386954105622237215e-12
2.298992991725859611e+03	9.388949331512033806e-12
2.303545453095613993e+03	9.391163044833494806e-12
2.308097914465367921e+03	9.393715869737943570e-12
2.312650375835122304e+03	9.396166920167762101e-12
2.317202837204876232e+03	9.399063649069593291e-12
2.321755298574630615e+03	9.402078294578065838e-12
2.326307759944384543e+03	9.405429885469161915e-12
