frequency PHz 	 phase rad 	 wavelength nm
1.699585455878035722e-01	1.293468402415110745e+02	1.763915176863654324e+03
1.701732683558085935e-01	1.293979002338189730e+02	1.761689487993941384e+03
1.703879911238135869e-01	1.294019521739722052e+02	1.759469408745794681e+03
1.706027138918185804e-01	1.293669115347112211e+02	1.757254917938189010e+03
1.708174366598234906e-01	1.292974718730432926e+02	1.755045994496600315e+03
1.710321594278285118e-01	1.321810909034552992e+02	1.752842617452335162e+03
1.712468821958335052e-01	1.319094217104947688e+02	1.750644765941870446e+03
1.714616049638384154e-01	1.306005936022464766e+02	1.748452419206193554e+03
1.716763277318434366e-01	1.297719162286694825e+02	1.746265556590146844e+03
1.718910504998484301e-01	1.295601609957198548e+02	1.744084157541781678e+03
1.721057732678534236e-01	1.294649132230403268e+02	1.741908201611714048e+03
1.723204960358584170e-01	1.293974365987806152e+02	1.739737668452484968e+03
1.725352188038634105e-01	1.293152696443751211e+02	1.737572537817925422e+03
1.727499415718683484e-01	1.291145948349636683e+02	1.735412789562529269e+03
1.729646643398733419e-01	1.272245231119839559e+02	1.733258403640825009e+03
1.731793871078783353e-01	1.264636631891956853e+02	1.731109360106759141e+03
1.733941098758832733e-01	1.263521704679988034e+02	1.728965639113079305e+03
1.736088326438882667e-01	1.263316428014028219e+02	1.726827220910720825e+03
1.738235554118932602e-01	1.263906542955480745e+02	1.724694085848204622e+03
1.740382781798982537e-01	1.266135484819540977e+02	1.722566214371032402e+03
1.742530009479032471e-01	1.272747463068452163e+02	1.720443587021089570e+03
1.744677237159081851e-01	1.280771897176006178e+02	1.718326184436052927e+03
1.746824464839131785e-01	1.283675836297587693e+02	1.716213987348799947e+03
1.748971692519181720e-01	1.284218676752153954e+02	1.714106976586826931e+03
1.751118920199231099e-01	1.283669308358630872e+02	1.712005133071667842e+03
1.753266147879281034e-01	1.282034560431316663e+02	1.709908437818317225e+03
1.755413375559330968e-01	1.273092993163115239e+02	1.707816871934660412e+03
1.757560603239380903e-01	1.253425885104510229e+02	1.705730416620905999e+03
1.759707830919430838e-01	1.250697408817870837e+02	1.703649053169020817e+03
1.761855058599481050e-01	1.248720120425964097e+02	1.701572762962172874e+03
1.764002286279530152e-01	1.245827794996553735e+02	1.699501527474175646e+03
1.766149513959580086e-01	1.238288879831234937e+02	1.697435328268934882e+03
1.768296741639630298e-01	1.227263063864461969e+02	1.695374146999905406e+03
1.770443969319679400e-01	1.222446902177514971e+02	1.693317965409545877e+03
1.772591196999729335e-01	1.219521174133843857e+02	1.691266765328778320e+03
1.774738424679779270e-01	1.216734563194378325e+02	1.689220528676457207e+03
1.776885652359829482e-01	1.213630817984027885e+02	1.687179237458834223e+03
1.779032880039879416e-01	1.210073195973810840e+02	1.685142873769031894e+03
1.781180107719928518e-01	1.205887076117723922e+02	1.683111419786522447e+03
1.783327335399978730e-01	1.200363627792732757e+02	1.681084857776602348e+03
1.785474563080028665e-01	1.192839729122962211e+02	1.679063170089882306e+03
1.787621790760077767e-01	1.186579791927616441e+02	1.677046339161771812e+03
1.789769018440127701e-01	1.183361829395655462e+02	1.675034347511970736e+03
1.791916246120177914e-01	1.181725419761947222e+02	1.673027177743964103e+03
1.794063473800227848e-01	1.180812375303312507e+02	1.671024812544522320e+03
1.796210701480277783e-01	1.180537088826565366e+02	1.669027234683200504e+03
1.798357929160327162e-01	1.181479614015294999e+02	1.667034427011848265e+03
1.800505156840377097e-01	1.185293673231799545e+02	1.665046372464113801e+03
1.802652384520427031e-01	1.191970132958150685e+02	1.663063054054961412e+03
1.804799612200476966e-01	1.196024891457741717e+02	1.661084454880185831e+03
1.806946839880526345e-01	1.197775430047528289e+02	1.659110558115932236e+03
1.809094067560576280e-01	1.198839077766425874e+02	1.657141347018217630e+03
1.811241295240626215e-01	1.199705175218431066e+02	1.655176804922461315e+03
1.813388522920676149e-01	1.200308689435337755e+02	1.653216915243010817e+03
1.815535750600726084e-01	1.200516943790059514e+02	1.651261661472677815e+03
1.817682978280775463e-01	1.200355800189843052e+02	1.649311027182273619e+03
1.819830205960825398e-01	1.199905680793665113e+02	1.647364996020147601e+03
1.821977433640875332e-01	1.199076623589390636e+02	1.645423551711734262e+03
1.824124661320924712e-01	1.185233077171156850e+02	1.643486678059095766e+03
1.826271889000974646e-01	1.167655409801615889e+02	1.641554358940471957e+03
1.828419116681024581e-01	1.166210219770402290e+02	1.639626578309835168e+03
1.830566344361074516e-01	1.164472295743711925e+02	1.637703320196444565e+03
1.832713572041124450e-01	1.161759871821924719e+02	1.635784568704404819e+03
1.834860799721173830e-01	1.156943504807224343e+02	1.633870308012229543e+03
1.837008027401223764e-01	1.149269097378260653e+02	1.631960522372403602e+03
1.839155255081273699e-01	1.142547834896222554e+02	1.630055196110955649e+03
1.841302482761323078e-01	1.138563170879740767e+02	1.628154313627025658e+03
1.843449710441373013e-01	1.135956833295624335e+02	1.626257859392439514e+03
1.845596938121422947e-01	1.133886952049868171e+02	1.624365817951289046e+03
1.847744165801472882e-01	1.131928368080497620e+02	1.622478173919508663e+03
1.849891393481523094e-01	1.129749969288371290e+02	1.620594911984460396e+03
1.852038621161573029e-01	1.126944900859675727e+02	1.618716016904519620e+03
1.854185848841622131e-01	1.123232107623741456e+02	1.616841473508663057e+03
1.856333076521672343e-01	1.119906493218717429e+02	1.614971266696060411e+03
1.858480304201722277e-01	1.120619481989534734e+02	1.613105381435670324e+03
1.860627531881771379e-01	1.129543958320692099e+02	1.611243802765837472e+03
1.862774759561821314e-01	1.135678657132514786e+02	1.609386515793889657e+03
1.864921987241871526e-01	1.137607872531608564e+02	1.607533505695744452e+03
1.867069214921921461e-01	1.138364730606026995e+02	1.605684757715513797e+03
1.869216442601971395e-01	1.138793566190908990e+02	1.603840257165111097e+03
1.871363670282020775e-01	1.139466112549471006e+02	1.601999989423863781e+03
1.873510897962070709e-01	1.141615025887849697e+02	1.600163939938124258e+03
1.875658125642120644e-01	1.148703070180329178e+02	1.598332094220889985e+03
1.877805353322169746e-01	1.155734677012590623e+02	1.596504437851421244e+03
1.879952581002219958e-01	1.156383448759178236e+02	1.594680956474859158e+03
1.882099808682269892e-01	1.133893432384245727e+02	1.592861635801855527e+03
1.884247036362319827e-01	1.127692628007197584e+02	1.591046461608196751e+03
1.886394264042369762e-01	1.125636445603142022e+02	1.589235419734431844e+03
1.888541491722419696e-01	1.123577608261983585e+02	1.587428496085506367e+03
1.890688719402469076e-01	1.121208302455259371e+02	1.585625676630397493e+03
1.892835947082519010e-01	1.118283610050921482e+02	1.583826947401746565e+03
1.894983174762568945e-01	1.114319646786207016e+02	1.582032294495503265e+03
1.897130402442618324e-01	1.108663614018720978e+02	1.580241704070564992e+03
1.899277630122668259e-01	1.101940035455905900e+02	1.578455162348420572e+03
1.901424857802718194e-01	1.096025425348212110e+02	1.576672655612798735e+03
1.903572085482768128e-01	1.090779093527239070e+02	1.574894170209315462e+03
1.905719313162818063e-01	1.085391631314669212e+02	1.573119692545125190e+03
1.907866540842867442e-01	1.080337442430324018e+02	1.571349209088577709e+03
1.910013768522917377e-01	1.076476554805875736e+02	1.569582706368867093e+03
1.912160996202967311e-01	1.073745892079271016e+02	1.567820170975699511e+03
1.914308223883016691e-01	1.071736511489511088e+02	1.566061589558946025e+03
1.916455451563066625e-01	1.070150776630625558e+02	1.564306948828309032e+03
1.918602679243116560e-01	1.068665016356947035e+02	1.562556235552987346e+03
1.920749906923166495e-01	1.099428504470168093e+02	1.560809436561343318e+03
1.922897134603216707e-01	1.098414927375742138e+02	1.559066538740571559e+03
1.925044362283266641e-01	1.097370209147455284e+02	1.557327529036372880e+03
1.927191589963315743e-01	1.095786815057559522e+02	1.555592394452627104e+03
1.929338817643365678e-01	1.092485342699574460e+02	1.553861122051067241e+03
1.931486045323415890e-01	1.084718502945337377e+02	1.552133698950962525e+03
1.933633273003464992e-01	1.075759710616178637e+02	1.550410112328796231e+03
1.935780500683514926e-01	1.071172007069078518e+02	1.548690349417946209e+03
1.937927728363565139e-01	1.068412603581962514e+02	1.546974397508375205e+03
1.940074956043615073e-01	1.066174028057180578e+02	1.545262243946312310e+03
1.942222183723665008e-01	1.063836938929219968e+02	1.543553876133945778e+03
1.944369411403714110e-01	1.060622540833737730e+02	1.541849281529112432e+03
1.946516639083764322e-01	1.056070454213200378e+02	1.540148447644988437e+03
1.948663866763814256e-01	1.052469484982480594e+02	1.538451362049789623e+03
1.950811094443863358e-01	1.051004377252573221e+02	1.536758012366464982e+03
1.952958322123913570e-01	1.050353128880847038e+02	1.535068386272394719e+03
1.955105549803963505e-01	1.049541569221863284e+02	1.533382471499095573e+03
1.957252777484013440e-01	1.047773939242531185e+02	1.531700255831920458e+03
1.959400005164063374e-01	1.043499227249870671e+02	1.530021727109763788e+03
1.961547232844112754e-01	1.036228856675162717e+02	1.528346873224770206e+03
1.963694460524162688e-01	1.030786685455593243e+02	1.526675682122041053e+03
1.965841688204212623e-01	1.027030515883455877e+02	1.525008141799348095e+03
1.967988915884262557e-01	1.022126044872188686e+02	1.523344240306843176e+03
1.970136143564311937e-01	1.014107546886913269e+02	1.521683965746775129e+03
1.972283371244361871e-01	1.007325094019574010e+02	1.520027306273203749e+03
1.974430598924411806e-01	1.003642004086199790e+02	1.518374250091720342e+03
1.976577826604461741e-01	1.001151557169049369e+02	1.516724785459167606e+03
1.978725054284511675e-01	9.986439257987845508e+01	1.515078900683360189e+03
1.980872281964561055e-01	9.944086890972670290e+01	1.513436584122809336e+03
1.983019509644610989e-01	9.830275927133146752e+01	1.511797824186447770e+03
1.985166737324660924e-01	9.734677959022303639e+01	1.510162609333358432e+03
1.987313965004710303e-01	9.697250062397131387e+01	1.508530928072502320e+03
1.989461192684760238e-01	9.671218171151713250e+01	1.506902768962448135e+03
1.991608420364810172e-01	9.643073047964465161e+01	1.505278120611108307e+03
1.993755648044860107e-01	9.598813946981053391e+01	1.503656971675470686e+03
1.995902875724910319e-01	9.508273441001145443e+01	1.502039310861334570e+03
1.998050103404959421e-01	9.414292125478279161e+01	1.500425126923050129e+03
2.000197331085009356e-01	9.365717468502572274e+01	1.498814408663255335e+03
2.002344558765059290e-01	9.332262152672558386e+01	1.497207144932619485e+03
2.004491786445109502e-01	9.300163163727364690e+01	1.495603324629583994e+03
2.006639014125158604e-01	9.263505046345778737e+01	1.494002936700109558e+03
2.008786241805208539e-01	9.219660166620224118e+01	1.492405970137417626e+03
2.010933469485258751e-01	9.169103368874401383e+01	1.490812413981743020e+03
2.013080697165308686e-01	9.108538339750487012e+01	1.489222257320079279e+03
2.015227924845358620e-01	9.020197313839773301e+01	1.487635489285932636e+03
2.017375152525407722e-01	8.929175806820828143e+01	1.486052099059073043e+03
2.019522380205457934e-01	8.878647500101421031e+01	1.484472075865286342e+03
2.021669607885507869e-01	8.847991474101544895e+01	1.482895408976133467e+03
2.023816835565556971e-01	8.822371694608870030e+01	1.481322087708706931e+03
2.025964063245607183e-01	8.793164448560143853e+01	1.479752101425385717e+03
2.028111290925657118e-01	8.744876505202807948e+01	1.478185439533600402e+03
2.030258518605707052e-01	8.633325567883275653e+01	1.476622091485592591e+03
2.032405746285756987e-01	8.535378623528600883e+01	1.475062046778178455e+03
2.034552973965806366e-01	8.491782246210685514e+01	1.473505294952513850e+03
2.036700201645856301e-01	8.461987082967692686e+01	1.471951825593859439e+03
2.038847429325906235e-01	8.431776094645452702e+01	1.470401628331350139e+03
2.040994657005956170e-01	8.379627234705559147e+01	1.468854692837763196e+03
2.043141884686005549e-01	8.253698265621056862e+01	1.467311008829290131e+03
2.045289112366055484e-01	8.176507130853480021e+01	1.465770566065305729e+03
2.047436340046105419e-01	8.143936520626206743e+01	1.464233354348145895e+03
2.049583567726155353e-01	8.117048906910328299e+01	1.462699363522879366e+03
2.051730795406204733e-01	8.081467353875575554e+01	1.461168583477086486e+03
2.053878023086254667e-01	8.023915304978378060e+01	1.459641004140633640e+03
2.056025250766304602e-01	7.953654139008601476e+01	1.458116615485456123e+03
2.058172478446354536e-01	7.904248838611970029e+01	1.456595407525336441e+03
2.060319706126403916e-01	7.872848208664311187e+01	1.455077370315688768e+03
2.062466933806453850e-01	7.843092044882567393e+01	1.453562493953336570e+03
2.064614161486503785e-01	7.737215553890825959e+01	1.452050768576304336e+03
2.066761389166553720e-01	7.571357149057104152e+01	1.450542184363599290e+03
2.068908616846603654e-01	7.542781225425352432e+01	1.449036731534999944e+03
2.071055844526653034e-01	7.524423508682146178e+01	1.447534400350844180e+03
2.073203072206702968e-01	7.503345759332039222e+01	1.446035181111819156e+03
2.075350299886752903e-01	7.469143656297420364e+01	1.444539064158753945e+03
2.077497527566803115e-01	7.398022760483672755e+01	1.443046039872411029e+03
2.079644755246852217e-01	7.299285540330632216e+01	1.441556098673279621e+03
2.081791982926902151e-01	7.238660131420174082e+01	1.440069231021371252e+03
2.083939210606952364e-01	7.194719566121692367e+01	1.438585427416017410e+03
2.086086438287002298e-01	7.142378709699363526e+01	1.437104678395664678e+03
2.088233665967051400e-01	7.063180976294763980e+01	1.435626974537676915e+03
2.090380893647101335e-01	6.983653706884126677e+01	1.434152306458131079e+03
2.092528121327151547e-01	6.933520756943259755e+01	1.432680664811623274e+03
2.094675349007201481e-01	6.898396871772216343e+01	1.431212040291067296e+03
2.096822576687250583e-01	6.866210938624220717e+01	1.429746423627501827e+03
2.098969804367300795e-01	6.829801580122909854e+01	1.428283805589892381e+03
2.101117032047350730e-01	6.786948690480997470e+01	1.426824176984939413e+03
2.103264259727400665e-01	6.751208359660775216e+01	1.425367528656885952e+03
2.105411487407450599e-01	6.765479991730357767e+01	1.423913851487324791e+03
2.107558715087499979e-01	6.881519028092751000e+01	1.422463136395008860e+03
2.109705942767549913e-01	6.912519958855459379e+01	1.421015374335661591e+03
2.111853170447599848e-01	6.914426954778819834e+01	1.419570556301790702e+03
2.114000398127649227e-01	6.908542366463750284e+01	1.418128673322499935e+03
2.116147625807699162e-01	6.894793266499050333e+01	1.416689716463302375e+03
2.118294853487749096e-01	6.854578709432540506e+01	1.415253676825938783e+03
2.120442081167799031e-01	6.683717522699771507e+01	1.413820545548191149e+03
2.122589308847848966e-01	6.620256978399862646e+01	1.412390313803703521e+03
2.124736536527898345e-01	6.600182187740814754e+01	1.410962972801798287e+03
2.126883764207948280e-01	6.587282405651518502e+01	1.409538513787295415e+03
2.129030991887998214e-01	6.575979680468918787e+01	1.408116928040337143e+03
2.131178219568048149e-01	6.559272660127861343e+01	1.406698206876206768e+03
2.133325447248097528e-01	6.259808240723316430e+01	1.405282341645153110e+03
2.135472674928147463e-01	6.243180401397671631e+01	1.403869323732213843e+03
2.137619902608197398e-01	6.231090410881897412e+01	1.402459144557041782e+03
2.139767130288247332e-01	6.217107786911239486e+01	1.401051795573731624e+03
2.141914357968297267e-01	6.197656496053767228e+01	1.399647268270644872e+03
2.144061585648346646e-01	6.163102122941154448e+01	1.398245554170241803e+03
2.146208813328396581e-01	6.080119821989782736e+01	1.396846644828906619e+03
2.148356041008446515e-01	5.971750636129549150e+01	1.395450531836781693e+03
2.150503268688495895e-01	5.916263737237372311e+01	1.394057206817598171e+03
2.152650496368545829e-01	5.873058148692848590e+01	1.392666661428506359e+03
2.154797724048595764e-01	5.820656019697479167e+01	1.391278887359911323e+03
2.156944951728645699e-01	5.758071560856247117e+01	1.389893876335307368e+03
2.159092179408695911e-01	5.702166694734553687e+01	1.388511620111112052e+03
2.161239407088745013e-01	5.656902334165096136e+01	1.387132110476504295e+03
2.163386634768794947e-01	5.612872034763297791e+01	1.385755339253259990e+03
2.165533862448845159e-01	5.560039408569082298e+01	1.384381298295591705e+03
2.167681090128895094e-01	5.497113520625282490e+01	1.383009979489988837e+03
2.169828317808944196e-01	5.439135792887762477e+01	1.381641374755055949e+03
2.171975545488994130e-01	5.393905805552608967e+01	1.380275476041353613e+03
2.174122773169044343e-01	5.354721562829844572e+01	1.378912275331243563e+03
2.176270000849094277e-01	5.311493926875898808e+01	1.377551764638729765e+03
2.178417228529144212e-01	5.253059342564039014e+01	1.376193936009302888e+03
2.180564456209193591e-01	5.180188925005712974e+01	1.374838781519784789e+03
2.182711683889243526e-01	5.117670208399543696e+01	1.373486293278174799e+03
2.184858911569293460e-01	5.071738238837833990e+01	1.372136463423496480e+03
2.187006139249342562e-01	5.032399304346090219e+01	1.370789284125646191e+03
2.189153366929392774e-01	4.990528434811012914e+01	1.369444747585239611e+03
2.191300594609442709e-01	4.939382103585616335e+01	1.368102846033463720e+03
2.193447822289492644e-01	4.880568489737657956e+01	1.366763571731925140e+03
2.195595049969542578e-01	4.826244388800647300e+01	1.365426916972502568e+03
2.197742277649591958e-01	4.780762924219135357e+01	1.364092874077198530e+03
2.199889505329641892e-01	4.737458456904278137e+01	1.362761435397991363e+03
2.202036733009691827e-01	4.686717919408880562e+01	1.361432593316691509e+03
2.204183960689741761e-01	4.622434582617620435e+01	1.360106340244793955e+03
2.206331188369791141e-01	4.555622532621978849e+01	1.358782668623335667e+03
2.208478416049841075e-01	4.500965803699915568e+01	1.357461570922748024e+03
2.210625643729891010e-01	4.455130341229809687e+01	1.356143039642720623e+03
2.212772871409940945e-01	4.408412192033675581e+01	1.354827067312052350e+03
2.214920099089990324e-01	4.352042211737891364e+01	1.353513646488516770e+03
2.217067326770040259e-01	4.287240088929576132e+01	1.352202769758715704e+03
2.219214554450090193e-01	4.229721420560629497e+01	1.350894429737943938e+03
2.221361782130140128e-01	4.185071089546929102e+01	1.349588619070049390e+03
2.223509009810189507e-01	4.146743589781203809e+01	1.348285330427295548e+03
2.225656237490239442e-01	4.106993293765746955e+01	1.346984556510222319e+03
2.227803465170289376e-01	4.058420781096693020e+01	1.345686290047512784e+03
2.229950692850339311e-01	3.997023380763224054e+01	1.344390523795856097e+03
2.232097920530389523e-01	3.932243432093861202e+01	1.343097250539813103e+03
2.234245148210438625e-01	3.876942829798220203e+01	1.341806463091682190e+03
2.236392375890488560e-01	3.829693814554477171e+01	1.340518154291365590e+03
2.238539603570538772e-01	3.782893287846174246e+01	1.339232317006238873e+03
2.240686831250588706e-01	3.729236574866426679e+01	1.337948944131017242e+03
2.242834058930637808e-01	3.666046859654004209e+01	1.336668028587626395e+03
2.244981286610687743e-01	3.601431261745300105e+01	1.335389563325069958e+03
2.247128514290737955e-01	3.544005478852052704e+01	1.334113541319302840e+03
2.249275741970787890e-01	3.491848763929668564e+01	1.332839955573101633e+03
2.251422969650836992e-01	3.439305495239243271e+01	1.331568799115936145e+03
2.253570197330887204e-01	3.382652366637793762e+01	1.330300065003841837e+03
2.255717425010937138e-01	3.321566095647104078e+01	1.329033746319295233e+03
2.257864652690987073e-01	3.258724197290423774e+01	1.327769836171087036e+03
2.260011880371036175e-01	3.198812121194393399e+01	1.326508327694196396e+03
2.262159108051086387e-01	3.146088682274100279e+01	1.325249214049667899e+03
2.264306335731136322e-01	3.101108547853671382e+01	1.323992488424487419e+03
2.266453563411186256e-01	3.060837345447293956e+01	1.322738144031459342e+03
2.268600791091236191e-01	3.020054880359963079e+01	1.321486174109084232e+03
2.270748018771285570e-01	2.970924145234442904e+01	1.320236571921438554e+03
2.272895246451335505e-01	2.904713911902000234e+01	1.318989330758050073e+03
2.275042474131385439e-01	2.831088148230442414e+01	1.317744443933782804e+03
2.277189701811434819e-01	2.773412712760459442e+01	1.316501904788715137e+03
2.279336929491484753e-01	2.730364106602759477e+01	1.315261706688019558e+03
2.281484157171534688e-01	2.691894278262716966e+01	1.314023843021847370e+03
2.283631384851584623e-01	2.648988535342661521e+01	1.312788307205209321e+03
2.285778612531634557e-01	2.592003492679029364e+01	1.311555092677860785e+03
2.287925840211683937e-01	2.520676607977354422e+01	1.310324192904183064e+03
2.290073067891733871e-01	2.457655403508444181e+01	1.309095601373069940e+03
2.292220295571783806e-01	2.411216963513274436e+01	1.307869311597811020e+03
2.294367523251833740e-01	2.371690592437222733e+01	1.306645317115981015e+03
2.296514750931883120e-01	2.328043981048743660e+01	1.305423611489322184e+03
2.298661978611933054e-01	2.268820093512947267e+01	1.304204188303633146e+03
2.300809206291982989e-01	2.194877878846442343e+01	1.302987041168658152e+03
2.302956433972032924e-01	2.130570495061370195e+01	1.301772163717972717e+03
2.305103661652083136e-01	2.080603490056364535e+01	1.300559549608874477e+03
2.307250889332132238e-01	2.033207292502697783e+01	1.299349192522272006e+03
2.309398117012182172e-01	1.977463976328439799e+01	1.298141086162574993e+03
2.311545344692232107e-01	1.911896880474719751e+01	1.296935224257586242e+03
2.313692572372281486e-01	1.853255575925099663e+01	1.295731600558392074e+03
2.315839800052331421e-01	1.811267957774329318e+01	1.294530208839253646e+03
2.317987027732381355e-01	1.781008590340874775e+01	1.293331042897501220e+03
2.320134255412431568e-01	1.756387395360845005e+01	1.292134096553427071e+03
2.322281483092481502e-01	1.732422752215531148e+01	1.290939363650178166e+03
2.324428710772530604e-01	1.701221398048357969e+01	1.289746838053652709e+03
2.326575938452580539e-01	1.623133125934911902e+01	1.288556513652392141e+03
2.328723166132630751e-01	1.454393674903589329e+01	1.287368384357479954e+03
2.330870393812680685e-01	1.395497638441088384e+01	1.286182444102435738e+03
2.333017621492729787e-01	1.354611253756917222e+01	1.284998686843112637e+03
2.335164849172779999e-01	1.307283392783693898e+01	1.283817106557594570e+03
2.337312076852829934e-01	1.248956040359935571e+01	1.282637697246094376e+03
2.339459304532879869e-01	1.192420161152307401e+01	1.281460452930851943e+03
2.341606532212929803e-01	1.149915004383177575e+01	1.280285367656033259e+03
2.343753759892979183e-01	1.119172630954103909e+01	1.279112435487630592e+03
2.345900987573029117e-01	1.094505847476628446e+01	1.277941650513360855e+03
2.348048215253079052e-01	1.069923921278569878e+01	1.276773006842568293e+03
2.350195442933128431e-01	1.009965781743457569e+01	1.275606498606125342e+03
2.352342670613178366e-01	7.695080864896766570e+00	1.274442119956332590e+03
2.354489898293228300e-01	7.403089321489389363e+00	1.273279865066823277e+03
2.356637125973278235e-01	7.237685404458432004e+00	1.272119728132464843e+03
2.358784353653328170e-01	7.105498608043262720e+00	1.270961703369262978e+03
2.360931581333377549e-01	6.994460431902808750e+00	1.269805785014265439e+03
2.363078809013427484e-01	6.903526891392047560e+00	1.268651967325464284e+03
2.365226036693477418e-01	6.833246698974463129e+00	1.267500244581705147e+03
2.367373264373527353e-01	6.779115774502272984e+00	1.266350611082588784e+03
2.369520492053576732e-01	6.716421855741302238e+00	1.265203061148379675e+03
2.371667719733626667e-01	6.572385359176394104e+00	1.264057589119908926e+03
2.373814947413676602e-01	6.252824039137863110e+00	1.262914189358485601e+03
2.375962175093726536e-01	5.846413099927517010e+00	1.261772856245802132e+03
2.378109402773775916e-01	5.530722228550885688e+00	1.260633584183841322e+03
2.380256630453825850e-01	5.297016929907300664e+00	1.259496367594786534e+03
2.382403858133875785e-01	5.091961223260668135e+00	1.258361200920929377e+03
2.384551085813925719e-01	4.882827881520796609e+00	1.257228078624581030e+03
2.386698313493975099e-01	4.613928488283150386e+00	1.256096995187979246e+03
2.388845541174025033e-01	2.207626694913628285e+00	1.254967945113201495e+03
2.390992768854074968e-01	1.404588912496492981e+00	1.253840922922074469e+03
2.393139996534125180e-01	1.168664355484992257e+00	1.252715923156086546e+03
2.395287224214175115e-01	9.624030827121288212e-01	1.251592940376297975e+03
2.397434451894224217e-01	7.560152498643049057e-01	1.250471969163255153e+03
2.399581679574274151e-01	5.425504427989267242e-01	1.249353004116901502e+03
2.401728907254324363e-01	3.235602350286228557e-01	1.248236039856492880e+03
2.403876134934374298e-01	1.058284999238026103e-01	1.247121071020509817e+03
2.406023362614423400e-01	-1.018772087525405823e-01	1.246008092266571794e+03
2.408170590294473612e-01	-2.883632978637251654e-01	1.244897098271352434e+03
2.410317817974523547e-01	-4.226564050057959321e-01	1.243788083730494691e+03
2.412465045654573481e-01	-3.326645311732363552e-01	1.242681043358526267e+03
2.414612273334622583e-01	8.091458559096906811e-01	1.241575971888775712e+03
2.416759501014672795e-01	1.233942627710050033e+00	1.240472864073287383e+03
2.418906728694722730e-01	1.151339265730541683e+00	1.239371714682741640e+03
2.421053956374772664e-01	9.966916266563146110e-01	1.238272518506369579e+03
2.423201184054822044e-01	8.394817207432936357e-01	1.237175270351871632e+03
2.425348411734871978e-01	6.960460754717985310e-01	1.236079965045335257e+03
2.427495639414921913e-01	5.716217711467947993e-01	1.234986597431154905e+03
2.429642867094971848e-01	4.745506570992006345e-01	1.233895162371949709e+03
2.431790094775021782e-01	4.287210523830822240e-01	1.232805654748484358e+03
2.433937322455071162e-01	4.905991996484146966e-01	1.231718069459588378e+03
2.436084550135121096e-01	7.234478121464746891e-01	1.230632401422075191e+03
2.438231777815171031e-01	9.821392393180303770e-01	1.229548645570665485e+03
2.440379005495220965e-01	1.034336941700090051e+00	1.228466796857907639e+03
2.442526233175270345e-01	9.222018409486452128e-01	1.227386850254097226e+03
2.444673460855320279e-01	7.528277558662068714e-01	1.226308800747202213e+03
2.446820688535370214e-01	5.908011637734489341e-01	1.225232643342782922e+03
2.448967916215420149e-01	4.619547641858616771e-01	1.224158373063916770e+03
2.451115143895469528e-01	3.707732677822832557e-01	1.223085984951121418e+03
2.453262371575519463e-01	3.144283631289965797e-01	1.222015474062275189e+03
2.455409599255569397e-01	2.903996034142721783e-01	1.220946835472546127e+03
2.457556826935619332e-01	2.994112810266642555e-01	1.219880064274312872e+03
2.459704054615668711e-01	3.438315472792226046e-01	1.218815155577091900e+03
2.461851282295718646e-01	4.195733142216511169e-01	1.217752104507459990e+03
2.463998509975768580e-01	5.057252378796874837e-01	1.216690906208982369e+03
2.466145737655818793e-01	5.711331352921149573e-01	1.215631555842137914e+03
2.468292965335868727e-01	6.008149621356153602e-01	1.214574048584245929e+03
2.470440193015917829e-01	6.068376766092455910e-01	1.213518379629392484e+03
2.472587420695967764e-01	6.128559109374407399e-01	1.212464544188356058e+03
2.474734648376017976e-01	6.350913593774691890e-01	1.211412537488539101e+03
2.476881876056067078e-01	6.742939580705922253e-01	1.210362354773893458e+03
2.479029103736117012e-01	7.198140530739749465e-01	1.209313991304846468e+03
2.481176331416167224e-01	7.592401611508705628e-01	1.208267442358234575e+03
2.483323559096217159e-01	7.849347022810491126e-01	1.207222703227229658e+03
2.485470786776267094e-01	7.949321491818182039e-01	1.206179769221267406e+03
2.487618014456316196e-01	7.915334308559920373e-01	1.205138635665980246e+03
2.489765242136366408e-01	7.805704621207780747e-01	1.204099297903123897e+03
2.491912469816416342e-01	7.718688151377648410e-01	1.203061751290510983e+03
2.494059697496466277e-01	7.794964895398948102e-01	1.202025991201939860e+03
2.496206925176515656e-01	8.172756653014232597e-01	1.200992013027127541e+03
2.498354152856565591e-01	8.831220960270229625e-01	1.199959812171639442e+03
2.500501380536615526e-01	9.449072834575815705e-01	1.198929384056822983e+03
2.502648608216665460e-01	9.642281399678154230e-01	1.197900724119738697e+03
2.504795835896714840e-01	9.315345209348180333e-01	1.196873827813094294e+03
2.506943063576764774e-01	8.606719690280328905e-01	1.195848690605175079e+03
2.509090291256814709e-01	7.693215579621721645e-01	1.194825307979780064e+03
2.511237518936864643e-01	6.712119053586604878e-01	1.193803675436155117e+03
2.513384746616914023e-01	5.760368172740015780e-01	1.192783788488925211e+03
2.515531974296963957e-01	4.910672551098969052e-01	1.191765642668030068e+03
2.517679201977013892e-01	4.230426454759026456e-01	1.190749233518659594e+03
2.519826429657063827e-01	3.807472409007175429e-01	1.189734556601187478e+03
2.521973657337113761e-01	3.779893046280449198e-01	1.188721607491107079e+03
2.524120885017163141e-01	4.317443556807916138e-01	1.187710381778967530e+03
2.526268112697213075e-01	5.407353362427329557e-01	1.186700875070308712e+03
2.528415340377263010e-01	6.551826498989612446e-01	1.185693082985599176e+03
2.530562568057312944e-01	7.150755428507977740e-01	1.184687001160171121e+03
2.532709795737362324e-01	7.127545465305047401e-01	1.183682625244159453e+03
2.534857023417412258e-01	6.746227242220754761e-01	1.182679950902435621e+03
2.537004251097462193e-01	6.277271845449092780e-01	1.181678973814550091e+03
2.539151478777512128e-01	5.915290310919942840e-01	1.180679689674665042e+03
2.541298706457561507e-01	5.800206631293178816e-01	1.179682094191497526e+03
2.543445934137611442e-01	6.043469588395851133e-01	1.178686183088253983e+03
2.545593161817661376e-01	6.728153303056387813e-01	1.177691952102571804e+03
2.547740389497711311e-01	7.849984935809288800e-01	1.176699396986457486e+03
2.549887617177760690e-01	9.196581098217819772e-01	1.175708513506226836e+03
2.552034844857810625e-01	1.033104789873775076e+00	1.174719297442442439e+03
2.554182072537860559e-01	1.084010821653862422e+00	1.173731744589857044e+03
2.556329300217910494e-01	1.055940921402566346e+00	1.172745850757351946e+03
2.558476527897960429e-01	9.556667496334654288e-01	1.171761611767878549e+03
2.560623755578009808e-01	8.067302850554085580e-01	1.170779023458398797e+03
2.562770983258059743e-01	6.448998373445249399e-01	1.169798081679826055e+03
2.564918210938109677e-01	5.052359361943103977e-01	1.168818782296968038e+03
2.567065438618159612e-01	4.073851572568401025e-01	1.167841121188468605e+03
2.569212666298208991e-01	3.538043636567920203e-01	1.166865094246748640e+03
2.571359893978258926e-01	3.368485496087600950e-01	1.165890697377948300e+03
2.573507121658308860e-01	3.448903178442606077e-01	1.164917926501872671e+03
2.575654349338358795e-01	3.655813526212057241e-01	1.163946777551931746e+03
2.577801577018408175e-01	3.879383803269149666e-01	1.162977246475084939e+03
2.579948804698458109e-01	4.038918240036650786e-01	1.162009329231784477e+03
2.582096032378508044e-01	4.088720573557793614e-01	1.161043021795920367e+03
2.584243260058558533e-01	4.014438967899991439e-01	1.160078320154762650e+03
2.586390487738607358e-01	3.826683784361932794e-01	1.159115220308907965e+03
2.588537715418657292e-01	3.555265359032091510e-01	1.158153718272221568e+03
2.590684943098707227e-01	3.238985720690266135e-01	1.157193810071785492e+03
2.592832170778757717e-01	2.907477611745434842e-01	1.156235491747841252e+03
2.594979398458807651e-01	2.567355184012001246e-01	1.155278759353737769e+03
2.597126626138856476e-01	2.209982303706112816e-01	1.154323608955874761e+03
2.599273853818906965e-01	1.834470714798897006e-01	1.153370036633649761e+03
2.601421081498956900e-01	1.462540256880515699e-01	1.152418038479404913e+03
2.603568309179006834e-01	1.137623794938917854e-01	1.151467610598373994e+03
2.605715536859055659e-01	9.198872267830893179e-02	1.150518749108628754e+03
2.607862764539106148e-01	8.892709502978846103e-02	1.149571450141024116e+03
2.610009992219156083e-01	1.159004729465777928e-01	1.148625709839149067e+03
2.612157219899206018e-01	1.887423458442754054e-01	1.147681524359272544e+03
2.614304447579255397e-01	3.234370338318797167e-01	1.146738889870291359e+03
2.616451675259305332e-01	5.139266206523132041e-01	1.145797802553677457e+03
2.618598902939355266e-01	7.021707564093446763e-01	1.144858258603429022e+03
2.620746130619405201e-01	8.094155080138136782e-01	1.143920254226016823e+03
2.622893358299454580e-01	8.024729331334583549e-01	1.142983785640334190e+03
2.625040585979504515e-01	6.979123996796943175e-01	1.142048849077645173e+03
2.627187813659554450e-01	5.446513867078692783e-01	1.141115440781535199e+03
2.629335041339604384e-01	4.039286290951622505e-01	1.140183557007860372e+03
2.631482269019653764e-01	3.179813039303098776e-01	1.139253194024698132e+03
2.633629496699703698e-01	2.994255375796797125e-01	1.138324348112294501e+03
2.635776724379753633e-01	3.408542124467430767e-01	1.137397015563018385e+03
2.637923952059803567e-01	4.216481159024283443e-01	1.136471192681310185e+03
2.640071179739853502e-01	5.129092700587420950e-01	1.135546875783632913e+03
2.642218407419902881e-01	5.877348240152286962e-01	1.134624061198423306e+03
2.644365635099952816e-01	6.299362912075991972e-01	1.133702745266043166e+03
2.646512862780002751e-01	6.336053324037891343e-01	1.132782924338731846e+03
2.648660090460052685e-01	5.980505625326770769e-01	1.131864594780556672e+03
2.650807318140102065e-01	5.246219139145580357e-01	1.130947752967366796e+03
2.652954545820151999e-01	4.173366666150002402e-01	1.130032395286743167e+03
2.655101773500201934e-01	2.866845483840734232e-01	1.129118518137953288e+03
2.657249001180251868e-01	1.535754791559043042e-01	1.128206117931903464e+03
2.659396228860301248e-01	4.690453633298830027e-02	1.127295191091091056e+03
2.661543456540351182e-01	-8.653615274596404561e-03	1.126385734049557414e+03
2.663690684220401117e-01	-6.662761584152576688e-03	1.125477743252843766e+03
2.665837911900451052e-01	3.731845046223725149e-02	1.124571215157941651e+03
2.667985139580500431e-01	9.699031873958574579e-02	1.123666146233249947e+03
2.670132367260550366e-01	1.521781050719823725e-01	1.122762532958525753e+03
2.672279594940600300e-01	1.960025205495696810e-01	1.121860371824841877e+03
2.674426822620650235e-01	2.316488743873321710e-01	1.120959659334539992e+03
2.676574050300699614e-01	2.674962618396818925e-01	1.120060392001184709e+03
2.678721277980749549e-01	3.146026414261484661e-01	1.119162566349519238e+03
2.680868505660799483e-01	3.855418025998744724e-01	1.118266178915422188e+03
2.683015733340849418e-01	4.915022037226890461e-01	1.117371226245859816e+03
2.685162961020899353e-01	6.330352146868563068e-01	1.116477704898844650e+03
2.687310188700948732e-01	7.851218912088029356e-01	1.115585611443390235e+03
2.689457416380998667e-01	8.973826411440484208e-01	1.114694942459465665e+03
2.691604644061048601e-01	9.235785899715978076e-01	1.113805694537954423e+03
2.693751871741098536e-01	8.493462945404246511e-01	1.112917864280610274e+03
2.695899099421147915e-01	7.055628527564010710e-01	1.112031448300012926e+03
2.698046327101197850e-01	5.621134812124637392e-01	1.111146443219525281e+03
2.700193554781247784e-01	4.776877758247053407e-01	1.110262845673251149e+03
2.702340782461297719e-01	4.642938038941224477e-01	1.109380652305992271e+03
2.704488010141347099e-01	5.012596098362962493e-01	1.108499859773206026e+03
2.706635237821397033e-01	5.569763286741533648e-01	1.107620464740962007e+03
2.708782465501446968e-01	6.032736444865918202e-01	1.106742463885901998e+03
2.710929693181496902e-01	6.229860330669509949e-01	1.105865853895196778e+03
2.713076920861546282e-01	6.099867584668459131e-01	1.104990631466504738e+03
2.715224148541596216e-01	5.657684641588787144e-01	1.104116793307929356e+03
2.717371376221646151e-01	4.969424774358230934e-01	1.103244336137980099e+03
2.719518603901696086e-01	4.140953510172948882e-01	1.102373256685530350e+03
2.721665831581746020e-01	3.303628893374934705e-01	1.101503551689775350e+03
2.723813059261795400e-01	2.588368688731748080e-01	1.100635217900193766e+03
2.725960286941845334e-01	2.095330227484737406e-01	1.099768252076504496e+03
2.728107514621895269e-01	1.867788819492091079e-01	1.098902650988628466e+03
2.730254742301945203e-01	1.869162241831077154e-01	1.098038411416648842e+03
2.732401969981994583e-01	1.968150319476080767e-01	1.097175530150768736e+03
2.734549197662044517e-01	1.957798506629728763e-01	1.096314003991273239e+03
2.736696425342094452e-01	1.627447081823731878e-01	1.095453829748489852e+03
2.738843653022144942e-01	8.666107824831215112e-02	1.094595004242748701e+03
2.740990880702193766e-01	-2.422840430236306020e-02	1.093737524304343651e+03
2.743138108382243701e-01	-1.415209584061187797e-01	1.092881386773491840e+03
2.745285336062293635e-01	-2.303368335897459929e-01	1.092026588500297521e+03
2.747432563742344125e-01	-2.652944041042246681e-01	1.091173126344711818e+03
2.749579791422392949e-01	-2.334237016620193117e-01	1.090320997176493847e+03
2.751727019102442884e-01	-1.314073466619163355e-01	1.089470197875173426e+03
2.753874246782493374e-01	3.056592219192566517e-02	1.088620725330012647e+03
2.756021474462543308e-01	2.236579557493598713e-01	1.087772576439967679e+03
2.758168702142593243e-01	4.124105700288680509e-01	1.086925748113652389e+03
2.760315929822642067e-01	5.773533317229180284e-01	1.086080237269298550e+03
2.762463157502692557e-01	7.204592446985031984e-01	1.085236040834719461e+03
2.764610385182742491e-01	8.549199491456533906e-01	1.084393155747273568e+03
2.766757612862792426e-01	9.923033294863898846e-01	1.083551578953827175e+03
2.768904840542841805e-01	1.127028306995924822e+00	1.082711307410716017e+03
2.771052068222891740e-01	1.228423252117394782e+00	1.081872338083710019e+03
2.773199295902941675e-01	1.265353992834064911e+00	1.081034667947976914e+03
2.775346523582991609e-01	1.235281117031419740e+00	1.080198293988045407e+03
2.777493751263040989e-01	1.155263780757806558e+00	1.079363213197768800e+03
2.779640978943090923e-01	1.040896327451022785e+00	1.078529422580288610e+03
2.781788206623140858e-01	8.989262026595667976e-01	1.077696919148000461e+03
2.783935434303190792e-01	7.306706966647595891e-01	1.076865699922516342e+03
2.786082661983240172e-01	5.405551852284986580e-01	1.076035761934630955e+03
2.788229889663290106e-01	3.454740252028329905e-01	1.075207102224283744e+03
2.790377117343340041e-01	1.743126152520915184e-01	1.074379717840526837e+03
2.792524345023389976e-01	5.245554650591088830e-02	1.073553605841487979e+03
2.794671572703439355e-01	-1.146904216972188806e-02	1.072728763294336886e+03
2.796818800383489290e-01	-2.414732144481490650e-02	1.071905187275248636e+03
2.798966028063539224e-01	0.000000000000000000e+00	1.071082874869370926e+03
2.801113255743589159e-01	4.478806070923724292e-02	1.070261823170789739e+03
2.803260483423639093e-01	9.602281406949941811e-02	1.069442029282493195e+03
2.805407711103688473e-01	1.433525297239555130e-01	1.068623490316340622e+03
2.807554938783738407e-01	1.801627776816587811e-01	1.067806203393024816e+03
2.809702166463788342e-01	2.021511794262664807e-01	1.066990165642041347e+03
2.811849394143838277e-01	2.055766643211143219e-01	1.066175374201653540e+03
2.813996621823887656e-01	1.858439727031111488e-01	1.065361826218860188e+03
2.816143849503937591e-01	1.369861598977877293e-01	1.064549518849359629e+03
2.818291077183987525e-01	5.347974450594961127e-02	1.063738449257519960e+03
2.820438304864037460e-01	-6.368708860225069657e-02	1.062928614616343566e+03
2.822585532544086839e-01	-2.011799434607723924e-01	1.062120012107436423e+03
2.824732760224136774e-01	-3.424066173836308735e-01	1.061312638920971949e+03
2.826879987904186708e-01	-4.866400493257856397e-01	1.060506492255663034e+03
2.829027215584236643e-01	-6.488043898544333388e-01	1.059701569318725433e+03
2.831174443264286023e-01	-8.397951286389968573e-01	1.058897867325848893e+03
2.833321670944335957e-01	-1.048550604784196594e+00	1.058095383501162132e+03
2.835468898624385892e-01	-1.242962300611139881e+00	1.057294115077202378e+03
2.837616126304435826e-01	-1.391473233962869926e+00	1.056494059294884892e+03
2.839763353984485206e-01	-1.477165595613286087e+00	1.055695213403468188e+03
2.841910581664535140e-01	-1.488649027393051938e+00	1.054897574660524924e+03
2.844057809344585075e-01	-1.396687706423193731e+00	1.054101140331909619e+03
2.846205037024635010e-01	-1.104154492795373699e+00	1.053305907691727498e+03
2.848352264704684944e-01	-4.150499104809739492e-01	1.052511874022303346e+03
2.850499492384734324e-01	3.217499483827452877e-01	1.051719036614151264e+03
2.852646720064784258e-01	7.045325672447404486e-01	1.050927392765942159e+03
2.854793947744834193e-01	9.266884768648395720e-01	1.050136939784474635e+03
2.856941175424884127e-01	1.096103581221768763e+00	1.049347674984644527e+03
2.859088403104933507e-01	1.244094305567244874e+00	1.048559595689413300e+03
2.861235630784983441e-01	1.371568400342852101e+00	1.047772699229778254e+03
2.863382858465033376e-01	1.464583748958091292e+00	1.046986982944743204e+03
2.865530086145083311e-01	1.503332633212366432e+00	1.046202444181286864e+03
2.867677313825132690e-01	1.469018343994264342e+00	1.045419080294335117e+03
2.869824541505182625e-01	1.352254154547168241e+00	1.044636888646728949e+03
2.871971769185232559e-01	1.169987125935065819e+00	1.043855866609196937e+03
2.874118996865282494e-01	9.739561098162994313e-01	1.043076011560324559e+03
2.876266224545331873e-01	8.165323400500597018e-01	1.042297320886525085e+03
2.878413452225381808e-01	7.155352562654400117e-01	1.041519791982010247e+03
2.880560679905431742e-01	6.630091909294435482e-01	1.040743422248762045e+03
2.882707907585481677e-01	6.434802944739317354e-01	1.039968209096502505e+03
2.884855135265531612e-01	6.394007067843290315e-01	1.039194149942666400e+03
2.887002362945580991e-01	6.294785796013115942e-01	1.038421242212370771e+03
2.889149590625630926e-01	5.893887086526206076e-01	1.037649483338387427e+03
2.891296818305680860e-01	5.023878757501165637e-01	1.036878870761115195e+03
2.893444045985731350e-01	3.761559412309054551e-01	1.036109401928549914e+03
2.895591273665780174e-01	2.426303271874701295e-01	1.035341074296258284e+03
2.897738501345830109e-01	1.319256823368561982e-01	1.034573885327347170e+03
2.899885729025880043e-01	5.456084288690021822e-02	1.033807832492438365e+03
2.902032956705930533e-01	7.129278395268556778e-03	1.033042913269639484e+03
2.904180184385979357e-01	-1.772424335015898578e-02	1.032279125144516456e+03
2.906327412066029292e-01	-2.711409781460361046e-02	1.031516465610065552e+03
2.908474639746079782e-01	-2.825163338459901752e-02	1.030754932166687013e+03
2.910621867426129716e-01	-3.136433846481168075e-02	1.029994522322156627e+03
2.912769095106178541e-01	-5.295780398134297684e-02	1.029235233591599581e+03
2.914916322786229030e-01	-1.120022534903739597e-01	1.028477063497461813e+03
2.917063550466278965e-01	-2.102004540439565972e-01	1.027720009569485001e+03
2.919210778146328900e-01	-3.170765890857296654e-01	1.026964069344678819e+03
2.921358005826378834e-01	-3.955241133061235814e-01	1.026209240367293660e+03
2.923505233506428214e-01	-4.292939322335485031e-01	1.025455520188795390e+03
2.925652461186478148e-01	-4.146987743425540884e-01	1.024702906367837159e+03
2.927799688866528083e-01	-3.437091393437583520e-01	1.023951396470234727e+03
2.929946916546578017e-01	-1.968225016417477491e-01	1.023200988068939182e+03
2.932094144226627397e-01	4.272143471601452802e-02	1.022451678744011247e+03
2.934241371906677331e-01	3.332749913533348263e-01	1.021703466082594787e+03
2.936388599586727266e-01	5.652741143592834305e-01	1.020956347678891575e+03
2.938535827266777201e-01	6.785384920499382133e-01	1.020210321134134915e+03
2.940683054946826580e-01	6.849831366253624765e-01	1.019465384056565199e+03
2.942830282626876515e-01	6.118112742127266301e-01	1.018721534061401712e+03
2.944977510306926449e-01	4.830578087226342632e-01	1.017978768770820011e+03
2.947124737986976384e-01	3.229276398996603348e-01	1.017237085813925319e+03
2.949271965667025763e-01	1.567924222217982333e-01	1.016496482826727288e+03
2.951419193347075698e-01	6.685617489495143673e-03	1.015756957452114534e+03
2.953566421027125632e-01	-1.106104498249180779e-01	1.015018507339830990e+03
2.955713648707175567e-01	-1.793866556254215539e-01	1.014281130146449641e+03
2.957860876387224947e-01	-1.835899952155841675e-01	1.013544823535348087e+03
2.960008104067274881e-01	-1.230975283914403917e-01	1.012809585176684095e+03
2.962155331747324816e-01	-3.659866288703028658e-02	1.012075412747371274e+03
2.964302559427374750e-01	2.521993339516370725e-02	1.011342303931053493e+03
2.966449787107424685e-01	4.702721956073219189e-02	1.010610256418082145e+03
2.968597014787474064e-01	4.122618464694483009e-02	1.009879267905490792e+03
2.970744242467523999e-01	2.328662261714953274e-02	1.009149336096970728e+03
2.972891470147573934e-01	3.158548399312621768e-03	1.008420458702847668e+03
2.975038697827623868e-01	-1.426694106473291868e-02	1.007692633440058103e+03
2.977185925507673248e-01	-2.715437734099168665e-02	1.006965858032124856e+03
2.979333153187723182e-01	-3.527668217583368460e-02	1.006240130209132531e+03
2.981480380867773117e-01	-3.923535586724824498e-02	1.005515447707705789e+03
2.983627608547823051e-01	-3.975700561002781797e-02	1.004791808270984461e+03
2.985774836227872431e-01	-3.602375020179238163e-02	1.004069209648600690e+03
2.987922063907922365e-01	-2.199708331718852605e-02	1.003347649596654833e+03
2.990069291587972300e-01	1.963354115758875196e-02	1.002627125877693629e+03
2.992216519268022235e-01	1.247442643875729118e-01	1.001907636260685422e+03
2.994363746948071614e-01	3.449343941108793388e-01	1.001189178520998894e+03
2.996510974628121549e-01	6.810603762342566370e-01	1.000471750440377946e+03
2.998658202308171483e-01	9.913071127568997554e-01	9.997553498069213447e+02
3.000805429988221418e-01	1.164324225654993938e+00	9.990399744150580545e+02
3.002952657668270797e-01	1.220328953971261399e+00	9.983256220655256357e+02
3.005099885348320732e-01	1.203368039099814268e+00	9.976122905653469388e+02
3.007247113028370666e-01	1.142274282798283025e+00	9.968999777278087322e+02
3.009394340708420601e-01	1.054077501385549454e+00	9.961886813724382819e+02
3.011541568388470536e-01	9.494455470045437551e-01	9.954783993249818650e+02
3.013688796068519915e-01	8.362045655826477741e-01	9.947691294173821461e+02
3.015836023748569850e-01	7.221292610011289526e-01	9.940608694877558946e+02
3.017983251428619784e-01	6.166889547378104908e-01	9.933536173803731799e+02
3.020130479108669719e-01	5.304420478479414669e-01	9.926473709456342931e+02
3.022277706788719098e-01	4.717615123959717494e-01	9.919421280400484875e+02
3.024424934468769033e-01	4.423612951104018975e-01	9.912378865262119234e+02
3.026572162148818967e-01	4.344950726063814272e-01	9.905346442727869771e+02
3.028719389828868902e-01	4.336867036070088943e-01	9.898323991544792761e+02
3.030866617508918281e-01	4.267923018620081166e-01	9.891311490520181451e+02
3.033013845188968216e-01	4.075264454112641488e-01	9.884308918521331861e+02
3.035161072869018151e-01	3.750169449643294683e-01	9.877316254475350661e+02
3.037308300549068085e-01	3.301744925039429290e-01	9.870333477368930062e+02
3.039455528229117465e-01	2.744617422595467815e-01	9.863360566248144323e+02
3.041602755909167399e-01	2.109818007851913535e-01	9.856397500218230334e+02
3.043749983589217334e-01	1.457215039858397176e-01	9.849444258443395483e+02
3.045897211269267268e-01	8.698594013401361735e-02	9.842500820146598244e+02
3.048044438949317758e-01	4.269120377722401827e-02	9.835567164609337851e+02
3.050191666629366583e-01	1.737112067200996535e-02	9.828643271171463311e+02
3.052338894309416517e-01	1.139554894021443943e-02	9.821729119230950573e+02
3.054486121989467007e-01	2.293634333054228591e-02	9.814824688243708124e+02
3.056633349669516941e-01	5.066855580787432700e-02	9.807929957723374628e+02
3.058780577349565766e-01	9.518452513546549199e-02	9.801044907241114288e+02
3.060927805029615700e-01	1.591029866635267354e-01	9.794169516425408801e+02
3.063075032709666190e-01	2.467988410273278532e-01	9.787303764961862953e+02
3.065222260389716125e-01	3.639031219213961776e-01	9.780447632593012486e+02
3.067369488069764949e-01	5.151610313191667956e-01	9.773601099118105822e+02
3.069516715749815439e-01	6.976212588976409279e-01	9.766764144392917615e+02
3.071663943429865373e-01	8.879980571766168396e-01	9.759936748329549800e+02
3.073811171109915308e-01	1.033018548818802174e+00	9.753118890896237190e+02
3.075958398789964132e-01	1.050520809545517409e+00	9.746310552117148518e+02
3.078105626470014622e-01	8.403935412594307763e-01	9.739511712072186356e+02
3.080252854150064556e-01	4.479530941461291604e-01	9.732722350896802936e+02
3.082400081830114491e-01	1.726943864676968587e-01	9.725942448781798930e+02
3.084547309510164426e-01	8.025454763782136069e-02	9.719171985973136998e+02
3.086694537190213805e-01	9.042437198195329984e-02	9.712410942771745113e+02
3.088841764870263740e-01	1.540390471926116334e-01	9.705659299533324429e+02
3.090988992550313674e-01	2.488687544800143314e-01	9.698917036668163973e+02
3.093136220230363609e-01	3.635872602808944976e-01	9.692184134640948514e+02
3.095283447910412988e-01	4.895027176548580883e-01	9.685460573970573250e+02
3.097430675590462923e-01	6.156239972847856734e-01	9.678746335229942588e+02
3.099577903270512858e-01	7.256377465138257321e-01	9.672041399045806429e+02
3.101725130950562792e-01	7.978287514114583701e-01	9.665345746098553263e+02
3.103872358630612172e-01	8.102160159956213192e-01	9.658659357122033953e+02
3.106019586310662106e-01	7.535965803479030001e-01	9.651982212903371874e+02
3.108166813990712041e-01	6.473865290937510508e-01	9.645314294282785568e+02
3.110314041670761975e-01	5.333621869493185841e-01	9.638655582153403429e+02
3.112461269350811355e-01	4.434960131586080934e-01	9.632006057461073851e+02
3.114608497030861289e-01	3.859822883318031472e-01	9.625365701204194693e+02
3.116755724710911224e-01	3.569617057860341447e-01	9.618734494433524560e+02
3.118902952390961159e-01	3.517224246101875451e-01	9.612112418252004318e+02
3.121050180071011093e-01	3.680942568573186691e-01	9.605499453814580875e+02
3.123197407751060473e-01	4.061653335027415324e-01	9.598895582328027558e+02
3.125344635431110407e-01	4.669585426613025447e-01	9.592300785050753120e+02
3.127491863111160342e-01	5.499851152558221656e-01	9.585715043292648261e+02
3.129639090791209721e-01	6.484169941006143745e-01	9.579138338414892360e+02
3.131786318471259656e-01	7.432669111779546256e-01	9.572570651829774988e+02
3.133933546151309590e-01	8.051348793521526659e-01	9.566011965000539021e+02
3.136080773831359525e-01	8.092953880610593842e-01	9.559462259441189644e+02
3.138228001511409460e-01	7.508813084902499213e-01	9.552921516716319275e+02
3.140375229191458839e-01	6.464044414036607122e-01	9.546389718440954084e+02
3.142522456871508774e-01	5.247727429186284098e-01	9.539866846280356185e+02
3.144669684551558708e-01	4.152423561292550858e-01	9.533352881949873563e+02
3.146816912231608643e-01	3.395194865268820195e-01	9.526847807214752493e+02
3.148964139911658022e-01	3.122391925188594541e-01	9.520351603889985199e+02
3.151111367591707957e-01	3.458164701283408249e-01	9.513864253840118863e+02
3.153258595271757891e-01	4.503257195329410933e-01	9.507385738979106691e+02
3.155405822951807826e-01	6.172002721331750763e-01	9.500916041270127153e+02
3.157553050631857205e-01	7.963544448191726133e-01	9.494455142725427095e+02
3.159700278311907140e-01	9.207021473422116742e-01	9.488003025406139841e+02
3.161847505991957075e-01	9.590421720095889668e-01	9.481559671422136262e+02
3.163994733672007009e-01	9.160892647099245778e-01	9.475125062931844013e+02
3.166141961352056389e-01	8.104710627119118271e-01	9.468699182142098607e+02
3.168289189032106323e-01	6.688549456168288998e-01	9.462282011307964922e+02
3.170436416712156258e-01	5.247745327011728023e-01	9.455873532732580315e+02
3.172583644392206192e-01	4.090340148004258936e-01	9.449473728766993190e+02
3.174730872072256127e-01	3.393528635667166782e-01	9.443082581810001557e+02
3.176878099752305507e-01	3.195754998261293167e-01	9.436700074307987052e+02
3.179025327432355441e-01	3.439379024961510822e-01	9.430326188754754639e+02
3.181172555112405376e-01	4.001258107739715797e-01	9.423960907691376860e+02
3.183319782792455310e-01	4.719872443904193915e-01	9.417604213706033534e+02
3.185467010472505245e-01	5.440405755038000279e-01	9.411256089433848047e+02
3.187614238152555179e-01	6.059500039547742745e-01	9.404916517556736153e+02
3.189761465832605114e-01	6.539985081650740995e-01	9.398585480803245673e+02
3.191908693512655049e-01	6.897075175872089403e-01	9.392262961948393922e+02
3.194055921192703873e-01	7.172840327525875637e-01	9.385948943813526739e+02
3.196203148872753808e-01	7.401050512594906650e-01	9.379643409266137724e+02
3.198350376552803742e-01	7.565066192340736961e-01	9.373346341219739770e+02
3.200497604232853677e-01	7.598306688467459935e-01	9.367057722633697949e+02
3.202644831912903611e-01	7.458516363335263577e-01	9.360777536513074892e+02
3.204792059592953546e-01	7.175752272896147588e-01	9.354505765908480726e+02
3.206939287273003480e-01	6.818973412015623126e-01	9.348242393915919592e+02
3.209086514953053415e-01	6.455638946565898095e-01	9.341987403676642998e+02
3.211233742633103350e-01	6.144549604052826908e-01	9.335740778376982689e+02
3.213380970313152174e-01	5.948634879084124805e-01	9.329502501248225599e+02
3.215528197993202109e-01	5.952780461828126590e-01	9.323272555566429673e+02
3.217675425673252043e-01	6.276551385903417213e-01	9.317050924652313597e+02
3.219822653353301978e-01	7.056894379787195248e-01	9.310837591871077166e+02
3.221969881033351912e-01	8.339037373548876531e-01	9.304632540632267137e+02
3.224117108713401847e-01	9.867892475895985172e-01	9.298435754389626027e+02
3.226264336393451782e-01	1.110080888235017937e+00	9.292247216640944316e+02
3.228411564073501716e-01	1.163518800039625489e+00	9.286066910927920617e+02
3.230558791753550540e-01	1.143118027936267822e+00	9.279894820836007057e+02
3.232706019433600475e-01	1.065600938961850375e+00	9.273730929994256940e+02
3.234853247113650410e-01	9.539693546145571190e-01	9.267575222075208785e+02
3.237000474793700344e-01	8.328179376565003622e-01	9.261427680794711250e+02
3.239147702473750279e-01	7.259847163967663164e-01	9.255288289911795800e+02
3.241294930153800213e-01	6.533427385358550055e-01	9.249157033228530054e+02
3.243442157833850148e-01	6.266667171330482233e-01	9.243033894589874535e+02
3.245589385513900083e-01	6.451652022734890579e-01	9.236918857883540568e+02
3.247736613193950017e-01	6.941768743781437934e-01	9.230811907039852713e+02
3.249883840873998841e-01	7.522442766876054066e-01	9.224713026031604386e+02
3.252031068554048776e-01	8.028840215157515559e-01	9.218622198873911202e+02
3.254178296234098711e-01	8.401252849783702459e-01	9.212539409624085920e+02
3.256325523914148645e-01	8.661055781428785849e-01	9.206464642381491785e+02
3.258472751594198580e-01	8.869021912368566518e-01	9.200397881287402697e+02
3.260619979274248514e-01	9.099853496202001679e-01	9.194339110524864509e+02
3.262767206954298449e-01	9.429550414252503288e-01	9.188288314318562016e+02
3.264914434634348939e-01	9.921866959902700955e-01	9.182245476934680255e+02
3.267061662314397208e-01	1.059950958762897244e+00	9.176210582680770358e+02
3.269208889994447143e-01	1.139746980971366952e+00	9.170183615905596071e+02
3.271356117674497077e-01	1.214109870973516081e+00	9.164164560999030300e+02
3.273503345354547012e-01	1.261979590597690049e+00	9.158153402391895952e+02
3.275650573034596946e-01	1.271679378811484185e+00	9.152150124555840875e+02
3.277797800714646881e-01	1.245267124127195757e+00	9.146154712003201439e+02
3.279945028394697371e-01	1.192464250078955956e+00	9.140167149286869517e+02
3.282092256074747305e-01	1.123994488760644117e+00	9.134187421000161748e+02
3.284239483754797240e-01	1.049235403692421187e+00	9.128215511776687663e+02
3.286386711434845509e-01	9.762619496902260607e-01	9.122251406290216664e+02
3.288533939114895444e-01	9.118399181106582319e-01	9.116295089254537061e+02
3.290681166794945378e-01	8.614066324657017049e-01	9.110346545423345788e+02
3.292828394474995313e-01	8.302302206415390629e-01	9.104405759590108573e+02
3.294975622155045802e-01	8.261076910702058740e-01	9.098472716587922378e+02
3.297122849835095737e-01	8.620965319076958622e-01	9.092547401289399431e+02
3.299270077515145672e-01	9.529975807981259095e-01	9.086629798606530812e+02
3.301417305195195606e-01	1.092576656385872980e+00	9.080719893490557979e+02
3.303564532875243875e-01	1.226884329052978728e+00	9.074817670931853399e+02
3.305711760555293810e-01	1.293406000803273059e+00	9.068923115959778443e+02
3.307858988235343745e-01	1.279300735227266728e+00	9.063036213642570829e+02
3.310006215915394234e-01	1.206697209611220956e+00	9.057156949087217299e+02
3.312153443595444169e-01	1.101646629421651369e+00	9.051285307439322878e+02
3.314300671275494103e-01	9.833945026926897981e-01	9.045421273882981268e+02
3.316447898955544038e-01	8.639623137794103513e-01	9.039564833640663437e+02
3.318595126635593973e-01	7.507823003891189728e-01	9.033715971973082333e+02
3.320742354315643907e-01	6.515800236510358445e-01	9.027874674179074646e+02
3.322889581995692176e-01	5.853149195999094445e-01	9.022040925595481440e+02
3.325036809675742666e-01	6.179697952210290168e-01	9.016214711597004907e+02
3.327184037355792601e-01	9.771052761443712598e-01	9.010396017596116280e+02
3.329331265035842535e-01	1.627085511115211602e+00	9.004584829042913725e+02
3.331478492715892470e-01	1.787929404881566597e+00	8.998781131425008653e+02
3.333625720395942404e-01	1.665420810810744001e+00	8.992984910267399528e+02
3.335772948075992339e-01	1.459352981804514116e+00	8.987196151132358182e+02
3.337920175756042274e-01	1.241216414684032543e+00	8.981414839619304757e+02
3.340067403436091098e-01	1.038294336578402977e+00	8.975640961364696295e+02
3.342214631116141033e-01	8.603930343834065297e-01	8.969874502041885762e+02
3.344361858796190967e-01	7.126790554764852459e-01	8.964115447361035649e+02
3.346509086476240902e-01	6.052773385654006688e-01	8.958363783068975863e+02
3.348656314156290836e-01	5.700002281746776589e-01	8.952619494949097998e+02
3.350803541836340771e-01	7.126786628049046612e-01	8.946882568821231416e+02
3.352950769516390706e-01	1.246317957698252599e+00	8.941152990541529562e+02
3.355097997196440640e-01	1.740730275718846087e+00	8.935430746002355136e+02
3.357245224876489464e-01	1.815501238486959323e+00	8.929715821132165274e+02
3.359392452556539399e-01	1.695178203227357017e+00	8.924008201895383081e+02
3.361539680236589334e-01	1.493271000179603902e+00	8.918307874292302131e+02
3.363686907916639268e-01	1.257476803561331735e+00	8.912614824358962551e+02
3.365834135596689203e-01	1.015259973083416867e+00	8.906929038167036197e+02
3.367981363276739137e-01	7.855994085543045458e-01	8.901250501823715240e+02
3.370128590956789072e-01	5.847295296085519567e-01	8.895579201471599617e+02
3.372275818636839007e-01	4.366107884270888917e-01	8.889915123288575387e+02
3.374423046316888941e-01	4.097788573626814923e-01	8.884258253487720367e+02
3.376570273996937765e-01	7.770557339671313457e-01	8.878608578317179081e+02
3.378717501676987700e-01	1.584526215596284260e+00	8.872966084060044523e+02
3.380864729357037635e-01	1.794295237027228040e+00	8.867330757034268345e+02
3.383011957037087569e-01	1.710573802037174573e+00	8.861702583592535802e+02
3.385159184717137504e-01	1.536315307311028278e+00	8.856081550122154340e+02
3.387306412397187438e-01	1.331508655179192147e+00	8.850467643044954684e+02
3.389453640077237373e-01	1.124894706763782892e+00	8.844860848817169199e+02
3.391600867757287308e-01	9.370977015249479791e-01	8.839261153929329566e+02
3.393748095437336132e-01	7.900013611368592592e-01	8.833668544906164470e+02
3.395895323117386067e-01	7.206781062951392869e-01	8.828083008306468855e+02
3.398042550797436001e-01	8.110465028872226867e-01	8.822504530723023208e+02
3.400189778477485936e-01	1.165610180502980597e+00	8.816933098782475327e+02
3.402337006157535870e-01	1.543006995158037853e+00	8.811368699145228902e+02
3.404484233837585805e-01	1.644267510886734840e+00	8.805811318505341205e+02
3.406631461517635739e-01	1.554947951876698653e+00	8.800260943590419629e+02
3.408778689197685674e-01	1.366375292033694677e+00	8.794717561161510275e+02
3.410925916877736164e-01	1.128311603057369439e+00	8.789181158012995638e+02
3.413073144557784433e-01	8.804649048780675002e-01	8.783651720972497969e+02
3.415220372237834368e-01	6.594211691388238705e-01	8.778129236900750811e+02
3.417367599917884302e-01	4.990588640831106204e-01	8.772613692691522829e+02
3.419514827597934237e-01	4.484185368681323780e-01	8.767105075271499572e+02
3.421662055277984171e-01	6.346922066847753285e-01	8.761603371600183436e+02
3.423809282958034106e-01	1.230614327098308536e+00	8.756108568669784518e+02
3.425956510638084596e-01	1.710769610601701629e+00	8.750620653505134214e+02
3.428103738318134530e-01	1.841881818680988658e+00	8.745139613163560171e+02
3.430250965998182799e-01	1.827146052062246895e+00	8.739665434734806695e+02
3.432398193678232734e-01	1.749596798834858191e+00	8.734198105340915390e+02
3.434545421358282669e-01	1.633050349675727375e+00	8.728737612136136477e+02
3.436692649038332603e-01	1.479763711189590936e+00	8.723283942306826475e+02
3.438839876718382538e-01	1.279932662044288350e+00	8.717837083071342477e+02
3.440987104398433027e-01	1.018334102263366958e+00	8.712397021679944373e+02
3.443134332078482962e-01	7.184316034965831932e-01	8.706963745414698224e+02
3.445281559758532897e-01	6.453900022572724993e-01	8.701537241589375071e+02
3.447428787438582831e-01	1.372107585548278053e+00	8.696117497549349764e+02
3.449576015118631100e-01	1.648033900186675282e+00	8.690704500671515689e+02
3.451723242798681035e-01	1.583592058416172677e+00	8.685298238364156305e+02
3.453870470478730970e-01	1.457213660178311443e+00	8.679898698066884890e+02
3.456017698158781459e-01	1.313169608806902033e+00	8.674505867250524034e+02
3.458164925838831394e-01	1.157196690696068231e+00	8.669119733417014686e+02
3.460312153518881328e-01	9.889410669557889833e-01	8.663740284099318387e+02
3.462459381198931263e-01	8.102896727295103574e-01	8.658367506861325182e+02
3.464606608878981198e-01	6.329099492556906625e-01	8.653001389297752439e+02
3.466753836559029467e-01	5.014923902662076216e-01	8.647641919034053899e+02
3.468901064239079401e-01	6.539919060348609037e-01	8.642289083726316221e+02
3.471048291919129891e-01	1.877048366843339977e+00	8.636942871061175993e+02
3.473195519599179826e-01	2.163982684955954028e+00	8.631603268755719682e+02
3.475342747279229760e-01	2.064892416989522417e+00	8.626270264557388145e+02
3.477489974959279695e-01	1.903425555174109718e+00	8.620943846243883399e+02
3.479637202639329630e-01	1.728098977674946468e+00	8.615624001623079948e+02
3.481784430319379564e-01	1.544711551859862197e+00	8.610310718532922465e+02
3.483931657999429499e-01	1.345107979342344606e+00	8.605003984841342799e+02
3.486078885679478323e-01	1.113465408672951185e+00	8.599703788446165618e+02
3.488226113359528258e-01	8.336079796891340266e-01	8.594410117275006087e+02
3.490373341039578192e-01	5.183501390664844166e-01	8.589122959285191428e+02
3.492520568719628127e-01	2.837331318227711563e-01	8.583842302463665419e+02
3.494667796399678061e-01	5.817444809497374081e-01	8.578568134826895175e+02
3.496815024079727996e-01	1.575596383759531705e+00	8.573300444420782469e+02
3.498962251759777931e-01	1.755453538899118371e+00	8.568039219320572784e+02
3.501109479439827865e-01	1.730648039954829187e+00	8.562784447630764362e+02
3.503256707119876689e-01	1.679089413681992937e+00	8.557536117485025216e+02
3.505403934799926624e-01	1.634937494687264348e+00	8.552294217046085123e+02
3.507551162479976559e-01	1.610171450371339574e+00	8.547058734505669690e+02
3.509698390160026493e-01	1.614914820078880098e+00	8.541829658084403718e+02
3.511845617840076428e-01	1.666231701702855617e+00	8.536606976031713430e+02
3.513992845520126362e-01	1.802926644064513084e+00	8.531390676625751439e+02
3.516140073200176297e-01	2.125439056527866910e+00	8.526180748173298980e+02
3.518287300880226232e-01	2.795315132174252426e+00	8.520977179009687461e+02
3.520434528560275056e-01	3.516087882246253571e+00	8.515779957498707518e+02
3.522581756240324991e-01	3.985910612925522400e+00	8.510589072032511240e+02
3.524728983920374925e-01	4.552537501249389607e+00	8.505404511031547372e+02
3.526876211600424860e-01	6.114470884947976970e+00	8.500226262944461268e+02
3.529023439280474794e-01	6.876752433075452586e+00	8.495054316248010764e+02
3.531170666960524729e-01	7.168975659793005661e+00	8.489888659446984320e+02
3.533317894640574663e-01	7.376710562259958692e+00	8.484729281074106666e+02
3.535465122320624598e-01	7.554054008836544654e+00	8.479576169689968310e+02
3.537612350000674533e-01	7.705491711822475054e+00	8.474429313882930046e+02
3.539759577680723357e-01	7.827484864660760877e+00	8.469288702269046780e+02
3.541906805360773292e-01	7.920723845462049439e+00	8.464154323491964078e+02
3.544054033040823226e-01	7.992642832119443597e+00	8.459026166222865868e+02
3.546201260720873161e-01	8.057560442267927669e+00	8.453904219160365301e+02
3.548348488400923095e-01	8.141330577218141684e+00	8.448788471030436540e+02
3.550495716080973030e-01	8.301663482699709107e+00	8.443678910586323809e+02
3.552642943761022964e-01	8.675472340411602090e+00	8.438575526608458404e+02
3.554790171441072899e-01	9.273499737909261853e+00	8.433478307904385929e+02
3.556937399121121723e-01	9.568404998376649928e+00	8.428387243308675352e+02
3.559084626801171658e-01	9.477488917203203300e+00	8.423302321682836009e+02
3.561231854481221593e-01	9.128844618467255145e+00	8.418223531915248259e+02
3.563379082161271527e-01	8.682695556820632987e+00	8.413150862921072530e+02
3.565526309841321462e-01	8.305583871901788484e+00	8.408084303642167470e+02
3.567673537521371396e-01	8.022961592603337522e+00	8.403023843047021728e+02
3.569820765201421331e-01	7.798629497666709653e+00	8.397969470130657328e+02
3.571967992881471265e-01	7.605098589016492383e+00	8.392921173914561450e+02
3.574115220561521755e-01	7.430733249169094279e+00	8.387878943446603444e+02
3.576262448241571690e-01	7.280869332384071413e+00	8.382842767800955244e+02
3.578409675921621624e-01	7.203271467210782930e+00	8.377812636078016340e+02
3.580556903601669894e-01	7.490820782739774586e+00	8.372788537404328508e+02
3.582704131281719828e-01	8.646794250739063159e+00	8.367770460932497372e+02
3.584851358961769763e-01	8.868532634502017231e+00	8.362758395841123047e+02
3.586998586641819697e-01	8.771865486297613757e+00	8.357752331334714881e+02
3.589145814321870187e-01	8.611511000653010228e+00	8.352752256643618693e+02
3.591293042001920122e-01	8.433550854751587167e+00	8.347758161023936054e+02
3.593440269681970056e-01	8.248080805176641661e+00	8.342770033757442434e+02
3.595587497362019991e-01	8.056264578649617647e+00	8.337787864151524673e+02
3.597734725042069925e-01	7.859422529107177979e+00	8.332811641539090033e+02
3.599881952722118195e-01	7.666454356170291362e+00	8.327841355278505944e+02
3.602029180402168684e-01	7.504911860748762820e+00	8.322876994753497684e+02
3.604176408082218619e-01	7.441998082389446267e+00	8.317918549373100632e+02
3.606323635762268554e-01	7.618662372744040567e+00	8.312966008571576140e+02
3.608470863442318488e-01	8.082004331710976430e+00	8.308019361808328540e+02
3.610618091122368423e-01	8.411945921701345696e+00	8.303078598567838071e+02
3.612765318802418357e-01	8.521341952571262368e+00	8.298143708359584707e+02
3.614912546482466627e-01	8.545578601055495938e+00	8.293214680717975398e+02
3.617059774162517116e-01	8.551240338087211512e+00	8.288291505202261078e+02
3.619207001842567051e-01	8.568094383831692085e+00	8.283374171396477550e+02
3.621354229522616985e-01	8.617195678009139215e+00	8.278462668909359081e+02
3.623501457202666920e-01	8.721572552573292114e+00	8.273556987374278151e+02
3.625648684882716855e-01	8.896317500100394682e+00	8.268657116449155637e+02
3.627795912562766789e-01	9.088053344019158430e+00	8.263763045816406247e+02
3.629943140242816724e-01	9.120623272794006198e+00	8.258874765182852116e+02
3.632090367922866658e-01	8.818784906755936959e+00	8.253992264279656865e+02
3.634237595602915483e-01	8.347756287949280818e+00	8.249115532862258533e+02
3.636384823282965417e-01	8.054598722923529408e+00	8.244244560710280894e+02
3.638532050963015352e-01	7.920707565115421289e+00	8.239379337627478890e+02
3.640679278643065286e-01	7.868577723796420287e+00	8.234519853441665873e+02
3.642826506323115221e-01	7.868833509511418356e+00	8.229666098004631749e+02
3.644973734003165156e-01	7.921691517800780957e+00	8.224818061192088408e+02
3.647120961683215090e-01	8.049518361625828788e+00	8.219975732903579910e+02
3.649268189363265025e-01	8.284746350972639561e+00	8.215139103062432469e+02
3.651415417043314959e-01	8.593707769140863206e+00	8.210308161615665767e+02
3.653562644723363784e-01	8.812880990410079107e+00	8.205482898533941807e+02
3.655709872403413718e-01	8.826143989940945289e+00	8.200663303811473952e+02
3.657857100083463653e-01	8.630883983835232698e+00	8.195849367465979185e+02
3.660004327763513587e-01	8.310371289331101252e+00	8.191041079538599661e+02
3.662151555443563522e-01	8.028054700592861082e+00	8.186238430093831084e+02
3.664298783123613457e-01	7.867723217571551686e+00	8.181441409219456773e+02
3.666446010803663391e-01	7.819304021544652983e+00	8.176650007026483991e+02
3.668593238483712216e-01	7.867837757974484703e+00	8.171864213649071189e+02
3.670740466163762150e-01	8.020482105535975847e+00	8.167084019244454112e+02
3.672887693843812085e-01	8.284712437353206838e+00	8.162309413992894633e+02
3.675034921523862019e-01	8.598646591837251663e+00	8.157540388097600044e+02
3.677182149203911954e-01	8.842265530850042410e+00	8.152776931784661656e+02
3.679329376883961888e-01	8.970199820307840355e+00	8.148019035302986595e+02
3.681476604564011823e-01	9.002084161850916644e+00	8.143266688924230721e+02
3.683623832244061758e-01	8.952961450747821459e+00	8.138519882942731556e+02
3.685771059924111692e-01	8.801953459262009005e+00	8.133778607675448029e+02
3.687918287604160517e-01	8.471194760264097567e+00	8.129042853461886580e+02
3.690065515284210451e-01	7.939693347181545846e+00	8.124312610664037493e+02
3.692212742964260386e-01	7.529920205502392605e+00	8.119587869666313509e+02
3.694359970644310320e-01	7.403613675816870909e+00	8.114868620875487295e+02
3.696507198324360255e-01	7.507153698443843837e+00	8.110154854720611866e+02
3.698654426004410189e-01	7.817058593235046260e+00	8.105446561652972832e+02
3.700801653684460124e-01	8.196933916549795640e+00	8.100743732146014509e+02
3.702948881364510059e-01	8.443800501877504416e+00	8.096046356695278519e+02
3.705096109044560548e-01	8.543365158051855701e+00	8.091354425818336722e+02
3.707243336724608818e-01	8.549864286682904435e+00	8.086667930054733233e+02
3.709390564404658752e-01	8.494390661174136881e+00	8.081986859965915073e+02
3.711537792084708687e-01	8.388666916484737612e+00	8.077311206135168504e+02
3.713685019764758621e-01	8.247708865885925889e+00	8.072640959167565597e+02
3.715832247444808556e-01	8.112614668773332482e+00	8.067976109689888062e+02
3.717979475124858491e-01	8.041251379454791959e+00	8.063316648350572677e+02
3.720126702804908980e-01	8.074684074622226149e+00	8.058662565819649899e+02
3.722273930484958915e-01	8.222669152624021649e+00	8.054013852788672239e+02
3.724421158165008849e-01	8.449337844892056637e+00	8.049370499970664241e+02
3.726568385845057119e-01	8.679057140323379826e+00	8.044732498100055409e+02
3.728715613525107053e-01	8.861205463085042311e+00	8.040099837932608580e+02
3.730862841205156988e-01	8.992885946418482490e+00	8.035472510245375588e+02
3.733010068885206922e-01	9.083978255025357385e+00	8.030850505836629054e+02
3.735157296565257412e-01	9.133324711007773544e+00	8.026233815525800992e+02
3.737304524245307347e-01	9.121671077135772521e+00	8.021622430153416872e+02
3.739451751925357281e-01	8.998220812437594418e+00	8.017016340581044460e+02
3.741598979605405551e-01	8.626214217791840611e+00	8.012415537691229019e+02
3.743746207285455485e-01	7.875099219231003644e+00	8.007820012387427369e+02
3.745893434965505420e-01	7.295334484493963600e+00	8.003229755593958998e+02
3.748040662645555354e-01	7.049073846907319307e+00	7.998644758255941269e+02
3.750187890325605844e-01	6.963267772260977040e+00	7.994065011339228022e+02
3.752335118005655779e-01	7.004133346745774702e+00	7.989490505830352731e+02
3.754482345685705713e-01	7.311582581133549752e+00	7.984921232736464844e+02
3.756629573365755648e-01	8.237735881798386117e+00	7.980357183085280894e+02
3.758776801045805582e-01	8.823610619584499659e+00	7.975798347925011740e+02
3.760924028725853852e-01	8.946540010834794998e+00	7.971244718324322776e+02
3.763071256405903786e-01	8.918534226778291440e+00	7.966696285372248667e+02
3.765218484085954276e-01	8.818797357763841660e+00	7.962153040178163792e+02
3.767365711766004210e-01	8.674525555473607596e+00	7.957614973871707207e+02
3.769512939446054145e-01	8.507320958420606871e+00	7.953082077602731488e+02
3.771660167126104080e-01	8.348096851567831322e+00	7.948554342541236792e+02
3.773807394806154014e-01	8.242732035145920122e+00	7.944031759877326522e+02
3.775954622486203949e-01	8.256472895793152134e+00	7.939514320821140245e+02
3.778101850166253883e-01	8.469925244695716060e+00	7.935002016602800268e+02
3.780249077846302708e-01	8.851403132856844991e+00	7.930494838472359334e+02
3.782396305526352642e-01	9.156670971007528692e+00	7.925992777699726730e+02
3.784543533206402577e-01	9.304672295132789372e+00	7.921495825574635319e+02
3.786690760886452511e-01	9.360258846668017441e+00	7.917003973406572186e+02
3.788837988566502446e-01	9.372571206221266493e+00	7.912517212524722936e+02
3.790985216246552381e-01	9.366313147991505161e+00	7.908035534277919396e+02
3.793132443926602315e-01	9.356137131494477899e+00	7.903558930034582772e+02
3.795279671606651140e-01	9.359634532752764358e+00	7.899087391182669080e+02
3.797426899286702184e-01	9.435023260788483412e+00	7.894620909129604343e+02
3.799574126966751009e-01	1.008711680048016035e+01	7.890159475302253895e+02
3.801721354646800943e-01	1.152972524859100645e+01	7.885703081146834847e+02
3.803868582326850878e-01	1.157816677727623755e+01	7.881251718128889934e+02
3.806015810006900812e-01	1.068590259054376190e+01	7.876805377733215892e+02
3.808163037686950747e-01	9.072167050622908846e+00	7.872364051463815713e+02
3.810310265367000682e-01	8.787405948494267705e+00	7.867927730843845211e+02
3.812457493047050616e-01	8.634539127694367266e+00	7.863496407415556178e+02
3.814604720727099441e-01	8.518020909270973107e+00	7.859070072740242949e+02
3.816751948407149375e-01	8.430656251871809559e+00	7.854648718398187839e+02
3.818899176087199310e-01	8.384909713052124403e+00	7.850232335988612249e+02
3.821046403767249244e-01	8.404899922476431584e+00	7.845820917129622103e+02
3.823193631447299179e-01	8.519203384829282300e+00	7.841414453458148728e+02
3.825340859127349113e-01	8.725018519491356983e+00	7.837012936629906790e+02
3.827488086807399048e-01	8.940544473791717905e+00	7.832616358319332903e+02
3.829635314487448983e-01	9.078687588054606294e+00	7.828224710219532199e+02
3.831782542167498917e-01	9.134717275881399701e+00	7.823837984042236258e+02
3.833929769847547742e-01	9.142799015948625652e+00	7.819456171517740586e+02
3.836076997527597676e-01	9.132534060804445630e+00	7.815079264394853453e+02
3.838224225207647611e-01	9.119831848422577991e+00	7.810707254440852694e+02
3.840371452887697545e-01	9.099660538357824180e+00	7.806340133441428861e+02
3.842518680567747480e-01	7.325284730296289126e+00	7.801977893200624976e+02
3.844665908247797415e-01	6.140443085553158653e+00	7.797620525540802419e+02
3.846813135927847349e-01	6.191158163415195759e+00	7.793268022302578402e+02
3.848960363607897284e-01	6.342843474587795072e+00	7.788920375344779359e+02
3.851107591287947773e-01	6.757929668851588190e+00	7.784577576544380690e+02
3.853254818967996043e-01	7.636299090724037342e+00	7.780239617796478342e+02
3.855402046648045977e-01	8.204255344162007191e+00	7.775906491014205812e+02
3.857549274328095912e-01	8.433842521659641989e+00	7.771578188128719376e+02
3.859696502008145846e-01	8.580917611722114202e+00	7.767254701089118498e+02
3.861843729688195781e-01	8.739593828888899907e+00	7.762936021862416283e+02
3.863990957368245716e-01	8.948324893692429782e+00	7.758622142433476938e+02
3.866138185048296205e-01	9.207837934318263251e+00	7.754313054804971443e+02
3.868285412728344475e-01	9.482135167954851340e+00	7.750008750997332072e+02
3.870432640408394409e-01	9.724872639192483348e+00	7.745709223048689864e+02
3.872579868088444344e-01	9.900410346241159232e+00	7.741414463014843932e+02
3.874727095768494278e-01	9.966402526255734529e+00	7.737124462969195520e+02
3.876874323448544213e-01	9.788909856408963606e+00	7.732839215002708215e+02
3.879021551128594147e-01	8.758227858246868891e+00	7.728558711223863611e+02
3.881168778808644637e-01	7.908952721440613232e+00	7.724282943758598776e+02
3.883316006488694572e-01	7.700317165916729323e+00	7.720011904750269878e+02
3.885463234168744506e-01	7.644217695222621956e+00	7.715745586359603294e+02
3.887610461848792776e-01	7.686862288211713690e+00	7.711483980764641046e+02
3.889757689528842710e-01	7.919577204842056517e+00	7.707227080160696460e+02
3.891904917208892645e-01	8.693924945188186371e+00	7.702974876760305278e+02
3.894052144888942579e-01	9.558042082314813115e+00	7.698727362793185875e+02
3.896199372568993069e-01	9.873087809505250334e+00	7.694484530506178999e+02
