time fs 	 phase rad
-2.330860221314138926e+03	-1.154477551119468037e+00
-2.326307759944384543e+03	1.983868143099179582e+00
-2.321755298574630615e+03	-1.160969087360880891e+00
-2.317202837204876232e+03	1.977385375523479816e+00
-2.312650375835122304e+03	-1.167455134113922544e+00
-2.308097914465367921e+03	1.970900536631330358e+00
-2.303545453095613993e+03	-1.173945506186171217e+00
-2.298992991725859611e+03	1.964414812794762266e+00
-2.294440530356105683e+03	-1.180417673974984538e+00
-2.289888068986351300e+03	1.957929210457720837e+00
-2.285335607616597372e+03	-1.186904514760679819e+00
-2.280783146246842989e+03	1.951450497108114135e+00
-2.276230684877088606e+03	-1.193379360054863003e+00
-2.271678223507334678e+03	1.944965491487831155e+00
-2.267125762137580296e+03	-1.199854902749588836e+00
-2.262573300767826368e+03	1.938495738339668817e+00
-2.258020839398071985e+03	-1.206328183398740261e+00
-2.253468378028318057e+03	1.932027463299374359e+00
-2.248915916658563674e+03	-1.212806085620128371e+00
-2.244363455288809746e+03	1.925539255104968817e+00
-2.239810993919055363e+03	-1.219288465979979197e+00
-2.235258532549300980e+03	1.919068812868026885e+00
-2.230706071179547052e+03	-1.225749883324073197e+00
-2.226153609809792670e+03	1.912598709618010817e+00
-2.221601148440038742e+03	-1.232227142243844442e+00
-2.217048687070284359e+03	1.906129536487422671e+00
-2.212496225700530431e+03	-1.238699932007938598e+00
-2.207943764330776048e+03	1.899663628258198234e+00
-2.203391302961022120e+03	-1.245169276638395051e+00
-2.198838841591267737e+03	1.893196223102484810e+00
-2.194286380221513809e+03	-1.251632060251957279e+00
-2.189733918851759427e+03	1.886729138595998556e+00
-2.185181457482005044e+03	-1.258096412277224907e+00
-2.180628996112251116e+03	1.880260884552742651e+00
-2.176076534742496733e+03	-1.264559290913285894e+00
-2.171524073372742805e+03	1.873797788046800861e+00
-2.166971612002988422e+03	-1.271025309651124591e+00
-2.162419150633234494e+03	1.867339700595813667e+00
-2.157866689263480112e+03	-1.277485251651812703e+00
-2.153314227893726184e+03	1.860875388825478094e+00
-2.148761766523971801e+03	-1.283947579024456775e+00
-2.144209305154217418e+03	1.854411310935851542e+00
-2.139656843784463490e+03	-1.290398518960118368e+00
-2.135104382414709107e+03	1.847956937850535386e+00
-2.130551921044955179e+03	-1.296860995229196734e+00
-2.125999459675200796e+03	1.841505279050172694e+00
-2.121446998305446868e+03	-1.303323178644522962e+00
-2.116894536935692486e+03	1.835043618328533688e+00
-2.112342075565938558e+03	-1.309770384512752628e+00
-2.107789614196184175e+03	1.828593217888027755e+00
-2.103237152826430247e+03	-1.316227553057031985e+00
-2.098684691456675864e+03	1.822142439667391978e+00
-2.094132230086921481e+03	-1.322685635723406250e+00
-2.089579768717167553e+03	1.815686155053935380e+00
-2.085027307347413171e+03	-1.329127954831852421e+00
-2.080474845977659243e+03	1.809240597072366619e+00
-2.075922384607904860e+03	-1.335576498031963544e+00
-2.071369923238150932e+03	1.802788495136944613e+00
-2.066817461868396549e+03	-1.342031472187107388e+00
-2.062265000498642621e+03	1.796335935179723675e+00
-2.057712539128888238e+03	-1.348475451978379924e+00
-2.053160077759134310e+03	1.789893857030710800e+00
-2.048607616389379928e+03	-1.354922005100019700e+00
-2.044055155019625772e+03	1.783446288412104286e+00
-2.039502693649871617e+03	-1.361368205242697638e+00
-2.034950232280117461e+03	1.777000192967080450e+00
-2.030397770910363306e+03	-1.367817226100945582e+00
-2.025845309540608923e+03	1.770558982292779637e+00
-2.021292848170854768e+03	-1.374258358173656047e+00
-2.016740386801100613e+03	1.764119728824940170e+00
-2.012187925431346457e+03	-1.380700287220228750e+00
-2.007635464061592302e+03	1.757671797680823156e+00
-2.003083002691838146e+03	-1.387141233891684422e+00
-1.998530541322083991e+03	1.751238473512807037e+00
-1.993978079952329836e+03	-1.393584585873555604e+00
-1.989425618582575680e+03	1.744794762204916472e+00
-1.984873157212821525e+03	-1.400014574133897627e+00
-1.980320695843067142e+03	1.738355542159142120e+00
-1.975768234473312987e+03	-1.406444156232333764e+00
-1.971215773103558831e+03	1.731920602745997240e+00
-1.966663311733804676e+03	-1.412883582741461863e+00
-1.962110850364050521e+03	1.725486997122248400e+00
-1.957558388994296365e+03	-1.419324230576044288e+00
-1.953005927624542210e+03	1.719054553851058431e+00
-1.948453466254788054e+03	-1.425747693850735409e+00
-1.943901004885033899e+03	1.712618642539564195e+00
-1.939348543515279744e+03	-1.432187470595413847e+00
-1.934796082145525588e+03	1.706191254473358399e+00
-1.930243620775771205e+03	-1.438619254930038505e+00
-1.925691159406017050e+03	1.699761215639460810e+00
-1.921138698036262895e+03	-1.445055472862949886e+00
-1.916586236666508739e+03	1.693326952334146318e+00
-1.912033775296754584e+03	-1.451478124726824470e+00
-1.907481313927000429e+03	1.686897448705564795e+00
-1.902928852557246273e+03	-1.457906568462141506e+00
-1.898376391187492118e+03	1.680476271603864591e+00
-1.893823929817737962e+03	-1.464336587083324925e+00
-1.889271468447983807e+03	1.674049374210730523e+00
-1.884719007078229424e+03	-1.470752740128478564e+00
-1.880166545708475269e+03	1.667611858257158852e+00
-1.875614084338721113e+03	-1.477179958119720693e+00
-1.871061622968966958e+03	1.661205570870655679e+00
-1.866509161599212803e+03	-1.483604884303434179e+00
-1.861956700229458647e+03	1.654789521206761149e+00
-1.857404238859704492e+03	-1.490026093116079808e+00
-1.852851777489950337e+03	1.648360987895816754e+00
-1.848299316120196181e+03	-1.496442353846995754e+00
-1.843746854750442026e+03	1.641933901677048668e+00
-1.839194393380687643e+03	-1.502856148096157529e+00
-1.834641932010933488e+03	1.635523114434511927e+00
-1.830089470641179332e+03	-1.509283485858984086e+00
-1.825537009271425177e+03	1.629100957217105350e+00
-1.820984547901671021e+03	-1.515700520937555362e+00
-1.816432086531916866e+03	1.622687077683044876e+00
-1.811879625162162711e+03	-1.522116013093518960e+00
-1.807327163792408555e+03	1.616268909651013219e+00
-1.802774702422654400e+03	-1.528523383615501885e+00
-1.798222241052900245e+03	1.609859232127134554e+00
-1.793669779683145862e+03	-1.534932555688654832e+00
-1.789117318313391706e+03	1.603443184095236340e+00
-1.784564856943637551e+03	-1.541351608522470551e+00
-1.780012395573883396e+03	1.597032265036419707e+00
-1.775459934204129240e+03	-1.547768326481864465e+00
-1.770907472834375085e+03	1.590635549843119723e+00
-1.766355011464620929e+03	-1.554173258606363905e+00
-1.761802550094866774e+03	1.584215388244615719e+00
-1.757250088725112619e+03	-1.560580949106528115e+00
-1.752697627355358463e+03	1.577816573324515081e+00
-1.748145165985604308e+03	-1.566983098252621387e+00
-1.743592704615849925e+03	1.571401299104577376e+00
-1.739040243246095770e+03	-1.573386444281563712e+00
-1.734487781876341614e+03	1.565000390941140518e+00
-1.729935320506587459e+03	-1.579796221697610026e+00
-1.725382859136833304e+03	1.558600430334473153e+00
-1.720830397767079148e+03	-1.586189346580184845e+00
-1.716277936397324993e+03	1.552198259563756677e+00
-1.711725475027570837e+03	-1.592595091679749997e+00
-1.707173013657816682e+03	1.545797600138184569e+00
-1.702620552288062527e+03	-1.599006306196080196e+00
-1.698068090918308144e+03	1.539438945353954091e+00
-1.693515629548553989e+03	-1.605442830461826231e+00
-1.688963168178799833e+03	1.533038133121340740e+00
-1.684410706809045678e+03	-1.611781748602795661e+00
-1.679858245439291522e+03	1.526665208445562971e+00
-1.675305784069537367e+03	-1.618129452559300852e+00
-1.670753322699783212e+03	1.520187513772381704e+00
-1.666200861330029056e+03	-1.624576392038883599e+00
-1.661648399960274901e+03	1.513799248764427396e+00
-1.657095938590520745e+03	-1.630896703511438561e+00
-1.652543477220766363e+03	1.507350462615153042e+00
-1.647991015851012207e+03	-1.637367716298434805e+00
-1.643438554481258052e+03	1.501153778111296022e+00
-1.638886093111503897e+03	-1.643717372671689603e+00
-1.634333631741749741e+03	1.494725838055744438e+00
-1.629781170371995586e+03	-1.650256583966576152e+00
-1.625228709002241430e+03	1.488245788768197242e+00
-1.620676247632487275e+03	-1.656341397299329277e+00
-1.616123786262733120e+03	1.481902328536824909e+00
-1.611571324892978964e+03	-1.662839647166572954e+00
-1.607018863523224582e+03	1.475488992107107267e+00
-1.602466402153470426e+03	-1.669283021178070259e+00
-1.597913940783716271e+03	1.469385153668721467e+00
-1.593361479413962115e+03	-1.675727458221776933e+00
-1.588809018044207960e+03	1.462861736401452450e+00
-1.584256556674453805e+03	-1.681987840864261674e+00
-1.579704095304699649e+03	1.456360737828632956e+00
-1.575151633934945494e+03	-1.688799173677510090e+00
-1.570599172565191338e+03	1.450046340730217986e+00
-1.566046711195437183e+03	-1.694757063496122429e+00
-1.561494249825682800e+03	1.443775747807203080e+00
-1.556941788455928645e+03	-1.701305776431625283e+00
-1.552389327086174490e+03	1.437543744318809269e+00
-1.547836865716420334e+03	-1.707277447282851135e+00
-1.543284404346666179e+03	1.431239648924767849e+00
-1.538731942976912023e+03	-1.714099370864601068e+00
-1.534179481607157868e+03	1.424531665646149747e+00
-1.529627020237403713e+03	-1.720285333777663350e+00
-1.525074558867649557e+03	1.418366259086909942e+00
-1.520522097497895402e+03	-1.726791962540189296e+00
-1.515969636128141246e+03	1.412303830948388184e+00
-1.511417174758386864e+03	-1.732465228577050098e+00
-1.506864713388632708e+03	1.405957146219309228e+00
-1.502312252018878553e+03	-1.739038040846977440e+00
-1.497759790649124398e+03	1.399008654022671161e+00
-1.493207329279370242e+03	-1.745945687959725268e+00
-1.488654867909616087e+03	1.392361913282573083e+00
-1.484102406539861931e+03	-1.752078514278319954e+00
-1.479549945170107776e+03	1.386905078339845554e+00
-1.474997483800353621e+03	-1.758072569939441498e+00
-1.470445022430599465e+03	1.380033048314039057e+00
-1.465892561060845082e+03	-1.764206979066262004e+00
-1.461340099691090927e+03	1.373700378089609098e+00
-1.456787638321336772e+03	-1.771137873229580162e+00
-1.452235176951582616e+03	1.367245775288021825e+00
-1.447682715581828461e+03	-1.777192152530211899e+00
-1.443130254212074306e+03	1.360816963463205687e+00
-1.438577792842320150e+03	-1.783802985670457142e+00
-1.434025331472565995e+03	1.353959395152905643e+00
-1.429472870102811839e+03	-1.790922264929181162e+00
-1.424920408733057684e+03	1.349042616508699277e+00
-1.420367947363303301e+03	-1.796847192759196687e+00
-1.415815485993549146e+03	1.341602520374853169e+00
-1.411263024623794990e+03	-1.802017105192240010e+00
-1.406710563254040835e+03	1.335736936239917627e+00
-1.402158101884286680e+03	-1.808113521331945694e+00
-1.397605640514532524e+03	1.329913567253726336e+00
-1.393053179144778369e+03	-1.815821901202254729e+00
-1.388500717775024214e+03	1.324121821486840211e+00
-1.383948256405270058e+03	-1.821764172786490388e+00
-1.379395795035515903e+03	1.316328563097484139e+00
-1.374843333665761520e+03	-1.827503391971022628e+00
-1.370290872296007365e+03	1.311047412794630329e+00
-1.365738410926253209e+03	-1.833423524308295915e+00
-1.361185949556499054e+03	1.303505325723898878e+00
-1.356633488186744898e+03	-1.840576220614661418e+00
-1.352081026816990743e+03	1.299003717211382192e+00
-1.347528565447236588e+03	-1.847136255345981803e+00
-1.342976104077482432e+03	1.292362283315524829e+00
-1.338423642707728277e+03	-1.852136307968442974e+00
-1.333871181337974122e+03	1.285651267383820961e+00
-1.329318719968219966e+03	-1.859329675996885145e+00
-1.324766258598465583e+03	1.278793516909840777e+00
-1.320213797228711428e+03	-1.865301668159708548e+00
-1.315661335858957273e+03	1.274108019374988743e+00
-1.311108874489203117e+03	-1.869203971325549940e+00
-1.306556413119448962e+03	1.271984840222264879e+00
-1.302003951749694806e+03	-1.882992374533472013e+00
-1.297451490379940651e+03	1.265807024459177255e+00
-1.292899029010186496e+03	-1.882326408266625561e+00
-1.288346567640432340e+03	1.247930941216807588e+00
-1.283794106270678185e+03	-1.901830921406599151e+00
-1.279241644900923802e+03	1.261715518015594339e+00
-1.274689183531169647e+03	-1.908882213974444575e+00
-1.270136722161415491e+03	1.226600209119369511e+00
-1.265584260791661336e+03	-1.888604763135467435e+00
-1.261031799421907181e+03	1.243255063380322323e+00
-1.256479338052153025e+03	-1.909989399402696408e+00
-1.251926876682398870e+03	1.257022854746962626e+00
-1.247374415312644715e+03	-1.957838626466654297e+00
-1.242821953942890559e+03	1.216317389040848518e+00
-1.238269492573136404e+03	-1.954162894295783603e+00
-1.233717031203382021e+03	1.182779598508317598e+00
-1.229164569833627866e+03	-1.950628516374124155e+00
-1.224612108463873710e+03	1.245717347929586882e+00
-1.220059647094119555e+03	-1.996993212918778404e+00
-1.215507185724365399e+03	1.180175308412283686e+00
-1.210954724354611244e+03	-1.961321838806306950e+00
-1.206402262984857089e+03	1.126052969876185861e+00
-1.201849801615102933e+03	-1.956087987456914146e+00
-1.197297340245348778e+03	1.242264967089223848e+00
-1.192744878875594623e+03	-2.055532606229719228e+00
-1.188192417505840240e+03	1.121680870874251168e+00
-1.183639956136086084e+03	-1.993368028698070837e+00
-1.179087494766331929e+03	1.405835320295769852e+00
-1.174535033396577774e+03	-1.907837669050725715e+00
-1.169982572026823618e+03	1.327804256131071003e+00
-1.165430110657069463e+03	-1.971714608478463138e+00
-1.160877649287315307e+03	1.304484921923808161e+00
-1.156325187917561152e+03	-2.100116908081808731e+00
-1.151772726547806997e+03	1.157564122432665821e+00
-1.147220265178052841e+03	-1.958784888589695461e+00
-1.142667803808298686e+03	1.133339444753442837e+00
-1.138115342438544303e+03	-1.862602724225428608e+00
-1.133562881068790148e+03	1.169257917230416499e+00
-1.129010419699035992e+03	-1.900416848683981863e+00
-1.124457958329281837e+03	1.314548756056409085e+00
-1.119905496959527682e+03	-1.898347973947331235e+00
-1.115353035589773526e+03	1.282490508210893054e+00
-1.110800574220019371e+03	-2.039199290380711460e+00
-1.106248112850265215e+03	1.217432624955598452e+00
-1.101695651480511060e+03	-1.809134925514022330e+00
-1.097143190110756905e+03	1.104357297926588766e+00
-1.092590728741002522e+03	-1.968441976283562100e+00
-1.088038267371248367e+03	1.058836349842486646e+00
-1.083485806001494211e+03	-1.862716298421883687e+00
-1.078933344631740056e+03	1.256906637989875897e+00
-1.074380883261985900e+03	-2.231174378418353310e+00
-1.069828421892231745e+03	1.132258682103579828e+00
-1.065275960522477590e+03	-2.201564704782166704e+00
-1.060723499152723434e+03	1.260897473862540030e+00
-1.056171037782969279e+03	-1.963846051246247448e+00
-1.051618576413215123e+03	1.125774879918118421e+00
-1.047066115043460741e+03	-2.060357148109197123e+00
-1.042513653673706585e+03	1.386515646715230643e+00
-1.037961192303952430e+03	-2.278010873270256198e+00
-1.033408730934198275e+03	1.234974711473387332e+00
-1.028856269564444119e+03	-2.158406470482559403e+00
-1.024303808194689964e+03	1.480778502620392567e+00
-1.019751346824935808e+03	-2.165399548951671971e+00
-1.015198885455181653e+03	9.355531814352991971e-01
-1.010646424085427384e+03	-1.744894854249646743e+00
-1.006093962715673229e+03	1.154983673003220801e+00
-1.001541501345919073e+03	-2.077260501822238759e+00
-9.969890399761649178e+02	9.121535635469526504e-01
-9.924365786064107624e+02	-2.265741761614210592e+00
-9.878841172366564933e+02	1.075687603478125753e+00
-9.833316558669023379e+02	-2.690423463208019061e+00
-9.787791944971481826e+02	1.296867482279616679e+00
-9.742267331273940272e+02	-1.785716602579106915e+00
-9.696742717576398718e+02	8.521784182672921260e-01
-9.651218103878856027e+02	-1.877560298482668033e+00
-9.605693490181314473e+02	1.179264395280118061e+00
-9.560168876483772920e+02	-1.807075793847297662e+00
-9.514644262786231366e+02	1.039380548336699350e+00
-9.469119649088689812e+02	-2.352870610737305856e+00
-9.423595035391147121e+02	1.545766893492882099e+00
-9.378070421693605567e+02	-2.204287536414879067e+00
-9.332545807996064013e+02	1.036199433223226052e+00
-9.287021194298522460e+02	-2.060741281024427884e+00
-9.241496580600980906e+02	9.954319236974630281e-01
-9.195971966903438215e+02	-2.228351907794262399e+00
-9.150447353205896661e+02	1.315284752782992062e+00
-9.104922739508355107e+02	-2.199950257829478062e+00
-9.059398125810813553e+02	9.078397992696327634e-01
-9.013873512113272000e+02	-2.028178414643052818e+00
-8.968348898415729309e+02	9.192873444862228460e-01
-8.922824284718187755e+02	-2.088906229928507052e+00
-8.877299671020646201e+02	3.624651713357980309e-01
-8.831775057323104647e+02	-1.060672675362827944e+00
-8.786250443625563094e+02	6.257677849646888779e-01
-8.740725829928021540e+02	-1.179716013149337606e+00
-8.695201216230478849e+02	2.546670201086192353e+00
-8.649676602532937295e+02	1.278910193444523502e+00
-8.604151988835395741e+02	2.298903059065444232e+00
-8.558627375137854187e+02	-3.124170050860103576e+00
-8.513102761440312634e+02	-2.563184201257724837e+00
-8.467578147742769943e+02	-1.199304315245133701e+00
-8.422053534045228389e+02	-1.394746977453588332e+00
-8.376528920347686835e+02	-1.448243481710906666e+00
-8.331004306650145281e+02	-1.240601840800339417e+00
-8.285479692952603727e+02	-1.106553183936341167e+00
-8.239955079255061037e+02	4.098673622863486798e-01
-8.194430465557519483e+02	1.003160219600300440e+00
-8.148905851859977929e+02	1.146174095769763257e+00
-8.103381238162436375e+02	1.280121548508184715e+00
-8.057856624464894821e+02	1.930580608428456912e+00
-8.012332010767352131e+02	-2.519870357912860293e+00
-7.966807397069810577e+02	-1.967729424860949594e+00
-7.921282783372269023e+02	-1.703464514056665102e+00
-7.875758169674727469e+02	-9.474572573799462383e-01
-7.830233555977185915e+02	1.535385763293023675e+00
-7.784708942279643225e+02	1.947156680966340980e+00
-7.739184328582101671e+02	2.618482764619626924e+00
-7.693659714884560117e+02	2.042631831879502258e+00
-7.648135101187018563e+02	2.899883278227643135e+00
-7.602610487489477009e+02	-7.436442010045256623e-01
-7.557085873791934318e+02	3.423496471209281355e-01
-7.511561260094392765e+02	2.178428989257297665e+00
-7.466036646396851211e+02	-2.017829694150333086e+00
-7.420512032699309657e+02	5.696923502586676014e-02
-7.374987419001768103e+02	2.325732391709003810e+00
-7.329462805304225412e+02	2.301242220181623832e+00
-7.283938191606683858e+02	-4.462639718196272920e-01
-7.238413577909142305e+02	-1.350511885927214939e+00
-7.192888964211600751e+02	2.943776144182272958e+00
-7.147364350514059197e+02	2.733806778413572669e+00
-7.101839736816516506e+02	2.545590373831131181e+00
-7.056315123118974952e+02	-1.775159548145557098e+00
-7.010790509421433399e+02	-1.037444049360155995e+00
-6.965265895723891845e+02	-2.893428151028774931e+00
-6.919741282026350291e+02	3.104119664503734111e+00
-6.874216668328807600e+02	-9.779929768100717458e-02
-6.828692054631266046e+02	7.680036248036662405e-01
-6.783167440933724492e+02	2.538485192094522613e+00
-6.737642827236182939e+02	-2.478159786828198374e+00
-6.692118213538641385e+02	-2.422732136027258676e+00
-6.646593599841099831e+02	1.134323743454367595e+00
-6.601068986143557140e+02	9.590731401599302819e-01
-6.555544372446015586e+02	1.713334628627993572e+00
-6.510019758748474032e+02	1.427498989386318584e+00
-6.464495145050932479e+02	-2.302574400047627812e+00
-6.418970531353390925e+02	3.039143252186663702e+00
-6.373445917655848234e+02	1.065449974351572404e+00
-6.327921303958306680e+02	2.759635048026459092e+00
-6.282396690260765126e+02	9.674248153226302493e-01
-6.236872076563223573e+02	-3.035436938334630796e-01
-6.191347462865682019e+02	-6.460598659475621508e-01
-6.145822849168139328e+02	-3.708993765616607208e-01
-6.100298235470597774e+02	9.567478443552863698e-01
-6.054773621773056220e+02	1.540791265890286699e+00
-6.009249008075514666e+02	2.201466830429523736e+00
-5.963724394377973113e+02	1.491241212629507595e+00
-5.918199780680430422e+02	2.329194841030207019e+00
-5.872675166982888868e+02	1.141904600439361817e+00
-5.827150553285347314e+02	2.176146745220053635e-01
-5.781625939587805760e+02	-5.034016996950366751e-01
-5.736101325890264206e+02	-2.391920490782220465e+00
-5.690576712192721516e+02	-1.789932009947705405e+00
-5.645052098495179962e+02	-2.359585711346244619e+00
-5.599527484797638408e+02	-2.512027194039631706e+00
-5.554002871100096854e+02	1.817430007175173667e+00
-5.508478257402555300e+02	-2.617150754601861973e+00
-5.462953643705012610e+02	-3.171334678140263486e-01
-5.417429030007471056e+02	-1.527587866522972737e+00
-5.371904416309929502e+02	-1.646233037143175926e+00
-5.326379802612387948e+02	1.415583443859505186e+00
-5.280855188914846394e+02	1.331876316239438029e+00
-5.235330575217303704e+02	2.970577505075689295e+00
-5.189805961519762150e+02	-2.163985999246452963e+00
-5.144281347822220596e+02	-1.380907047823830780e+00
-5.098756734124679042e+02	-1.224303239775261787e+00
-5.053232120427136351e+02	-9.062830719210891450e-01
-5.007707506729594797e+02	-3.304047412648015158e-01
-4.962182893032053244e+02	-7.917520242629814131e-01
-4.916658279334511690e+02	1.113554859282240406e+00
-4.871133665636970136e+02	1.120276568171941989e+00
-4.825609051939427445e+02	6.841176226714668074e-01
-4.780084438241885891e+02	1.543319513843386837e+00
-4.734559824544344337e+02	-1.163414608504071301e+00
-4.689035210846802784e+02	-1.096728365675710304e+00
-4.643510597149261230e+02	-1.969910084270838135e+00
-4.597985983451718539e+02	-1.014081396653134348e+00
-4.552461369754176985e+02	2.870737717659596289e+00
-4.506936756056635431e+02	2.550120174283078134e-01
-4.461412142359093878e+02	-1.053009899850695374e+00
-4.415887528661552324e+02	-2.278231001728019844e+00
-4.370362914964010770e+02	5.807583878017558154e-01
-4.324838301266468079e+02	6.549186540079008356e-01
-4.279313687568926525e+02	1.098964778719877078e+00
-4.233789073871384971e+02	1.300876237649200906e+00
-4.188264460173843418e+02	1.457288511977892442e+00
-4.142739846476301864e+02	1.521111133204885446e+00
-4.097215232778759173e+02	1.633233987668717857e+00
-4.051690619081217619e+02	1.757398592945174309e+00
-4.006166005383676065e+02	1.697691038507100014e+00
-3.960641391686134511e+02	1.876684684588607821e+00
-3.915116777988592958e+02	1.838509862880763235e+00
-3.869592164291050267e+02	1.981067501235428630e+00
-3.824067550593508713e+02	2.588023737327571627e+00
-3.778542936895967159e+02	-3.140035819292698260e+00
-3.733018323198425605e+02	1.894798860781736094e+00
-3.687493709500884052e+02	-2.896925837317198216e+00
-3.641969095803341361e+02	-1.196632518451541394e+00
-3.596444482105799807e+02	6.231780089661451694e-01
-3.550919868408258253e+02	3.082904005916224488e+00
-3.505395254710716699e+02	2.711589537935251037e+00
-3.459870641013175145e+02	2.739230150076178649e+00
-3.414346027315632455e+02	-2.729782491484233908e+00
-3.368821413618090901e+02	-1.820947568822304019e+00
-3.323296799920549347e+02	-9.714936906595912358e-01
-3.277772186223007793e+02	-7.417504901127984773e-01
-3.232247572525466239e+02	-1.249513975360625695e+00
-3.186722958827923549e+02	1.262743659021125398e+00
-3.141198345130381995e+02	2.441179550523727038e+00
-3.095673731432840441e+02	2.856913762284455593e+00
-3.050149117735298887e+02	1.636784852306288007e+00
-3.004624504037757333e+02	1.636632072044341690e+00
-2.959099890340214642e+02	1.622372018437087324e-02
-2.913575276642673089e+02	7.471594901336862105e-01
-2.868050662945131535e+02	1.677294141484624079e+00
-2.822526049247589981e+02	-6.484225269097677602e-01
-2.777001435550048427e+02	6.153782810175781881e-01
-2.731476821852505736e+02	-2.700364970914758800e+00
-2.685952208154964183e+02	-1.561000899475922132e+00
-2.640427594457422629e+02	8.882008133216057200e-01
-2.594902980759881075e+02	2.836652210500822058e+00
-2.549378367062339521e+02	-1.267454535551953976e+00
-2.503853753364797683e+02	1.279733898786304058e+00
-2.458329139667255845e+02	2.135466076037781935e+00
-2.412804525969714007e+02	2.396901925184527382e+00
-2.367279912272172453e+02	2.088438108964509876e+00
-2.321755298574630615e+02	2.345797605962053556e+00
-2.276230684877088777e+02	2.494114461486908851e+00
-2.230706071179546939e+02	2.052127536644052341e+00
-2.185181457482005385e+02	2.380369866087434616e+00
-2.139656843784463547e+02	2.189057244964903504e+00
-2.094132230086921709e+02	2.096046009614487726e+00
-2.048607616389379871e+02	2.237416864817395101e+00
-2.003083002691838033e+02	2.517793247853845173e+00
-1.957558388994296479e+02	2.637130848180465836e+00
-1.912033775296754641e+02	2.782488283230209802e+00
-1.866509161599212803e+02	-3.010723068905259758e+00
-1.820984547901670965e+02	2.243084212608529970e+00
-1.775459934204129127e+02	2.788617636922420484e+00
-1.729935320506587573e+02	2.529447736779111278e+00
-1.684410706809045735e+02	2.255432130610846020e+00
-1.638886093111503897e+02	-3.135815090868104615e+00
-1.593361479413962059e+02	-2.836996579883225511e+00
-1.547836865716420505e+02	-2.864763382741239539e+00
-1.502312252018878667e+02	-2.709848698189160299e+00
-1.456787638321336829e+02	-2.390850393665001850e+00
-1.411263024623794990e+02	3.066572148292426192e+00
-1.365738410926253152e+02	1.877484285032308131e+00
-1.320213797228711599e+02	2.363094447522350983e+00
-1.274689183531169760e+02	2.686083999255891808e+00
-1.229164569833627922e+02	1.216604659861258320e+00
-1.183639956136086226e+02	2.193645166597166352e+00
-1.138115342438544388e+02	-2.490179994935328267e+00
-1.092590728741002692e+02	1.909287724033805977e+00
-1.047066115043460854e+02	2.617136189707054417e+00
-1.001541501345919016e+02	2.450146157048737727e+00
-9.560168876483773204e+01	-2.093421861900611525e+00
-9.104922739508354823e+01	1.823601918257721444e+00
-8.649676602532937864e+01	2.093131329766531046e+00
-8.194430465557519483e+01	1.570811887366188486e+00
-7.739184328582102523e+01	2.004930275501287884e+00
-7.283938191606684143e+01	2.474227933164292903e+00
-6.828692054631265762e+01	2.694986384904313859e+00
-6.373445917655848802e+01	2.566367685507160878e+00
-5.918199780680431132e+01	2.152257980803085502e+00
-5.462953643705013462e+01	2.145366564932822406e+00
-5.007707506729595082e+01	2.161551355861223822e+00
-4.552461369754177412e+01	2.358791928525909576e+00
-4.097215232778759741e+01	3.004520785479273481e+00
-3.641969095803342071e+01	2.501075343617301439e+00
-3.186722958827924401e+01	2.876089740382193227e+00
-2.731476821852506731e+01	3.075038290339298097e+00
-2.276230684877088706e+01	3.188675800771476054e-01
-1.820984547901671036e+01	-4.024782262443883374e-01
-1.365738410926253366e+01	-1.166264501129850473e+00
-9.104922739508355178e+00	2.536797690047821074e+00
-4.552461369754177589e+00	-3.103421652406587405e+00
0.000000000000000000e+00	-2.643260538491627454e+00
4.552461369754177589e+00	-2.744008030656633679e+00
9.104922739508355178e+00	3.081148776706719605e+00
1.365738410926253366e+01	2.530704605645285987e+00
1.820984547901671036e+01	1.635501030061599970e+00
2.276230684877088706e+01	8.266071750573742438e-01
2.731476821852506731e+01	-2.759171626179605097e-01
3.186722958827924401e+01	-1.711313765062667969e+00
3.641969095803342071e+01	-2.000492585376997923e+00
4.097215232778759741e+01	-2.581590886810567032e+00
4.552461369754177412e+01	2.501090970069094865e+00
5.007707506729595082e+01	1.566932090806486322e+00
5.462953643705013462e+01	1.435978303476507234e+00
5.918199780680431132e+01	1.399899889598167357e+00
6.373445917655848802e+01	1.474193240409512162e+00
6.828692054631265762e+01	1.767836555567291690e+00
7.283938191606684143e+01	2.279477140731829277e+00
7.739184328582102523e+01	2.727553131781502049e+00
8.194430465557519483e+01	2.971733377194655024e+00
8.649676602532937864e+01	3.128549343591496612e+00
9.104922739508354823e+01	-3.022603154838549688e+00
9.560168876483773204e+01	-2.916277278323919475e+00
1.001541501345919016e+02	-2.844311323782836354e+00
1.047066115043460854e+02	-2.737465303230530278e+00
1.092590728741002692e+02	-2.697945624662519748e+00
1.138115342438544388e+02	-2.690145143056160482e+00
1.183639956136086226e+02	-2.620171229837759519e+00
1.229164569833627922e+02	-2.508206423699396392e+00
1.274689183531169760e+02	-2.368743774209806752e+00
1.320213797228711599e+02	-2.277289003995024430e+00
1.365738410926253152e+02	-2.215686388399944473e+00
1.411263024623794990e+02	-2.173271803222263543e+00
1.456787638321336829e+02	-2.435617185159352882e+00
1.502312252018878667e+02	2.940894616658696226e+00
1.547836865716420505e+02	1.619670382808846121e+00
1.593361479413962059e+02	1.252379835915388151e+00
1.638886093111503897e+02	1.253578938065014636e+00
1.684410706809045735e+02	9.357263092271206339e-01
1.729935320506587573e+02	1.234072244567090193e+00
1.775459934204129127e+02	1.727902125430709868e+00
1.820984547901670965e+02	2.827912871912894310e+00
1.866509161599212803e+02	-1.814631634819765305e+00
1.912033775296754641e+02	-2.268753436910956045e-01
1.957558388994296479e+02	-6.392817002366524282e-01
2.003083002691838033e+02	-1.653097611619180229e+00
2.048607616389379871e+02	1.542362059690500775e-01
2.094132230086921709e+02	1.954218414012471206e+00
2.139656843784463547e+02	2.492889482833418047e+00
2.185181457482005385e+02	1.403799629231586188e+00
2.230706071179546939e+02	1.486407346086335179e+00
2.276230684877088777e+02	1.906674336616573706e+00
2.321755298574630615e+02	2.216619833742746071e+00
2.367279912272172453e+02	-4.364279026471630241e-01
2.412804525969714007e+02	-7.198502698176152403e-01
2.458329139667255845e+02	-1.823748582207495028e+00
2.503853753364797683e+02	-1.900297370752363380e+00
2.549378367062339521e+02	1.678525845979383480e+00
2.594902980759881075e+02	1.887162045270275534e+00
2.640427594457423766e+02	2.031459907120664266e+00
2.685952208154965319e+02	2.148612937290692138e+00
2.731476821852506873e+02	2.593960522407430247e+00
2.777001435550048427e+02	2.593319835800849127e+00
2.822526049247589981e+02	2.575689468921491976e+00
2.868050662945132672e+02	-2.874784015491238520e+00
2.913575276642674226e+02	-1.803312051697544494e+00
2.959099890340215779e+02	-1.449361191241539171e+00
3.004624504037757333e+02	-2.075272382873112331e-01
3.050149117735298887e+02	1.062434157085516029e+00
3.095673731432841578e+02	2.246974360012120808e+00
3.141198345130383132e+02	1.613932164086900878e+00
3.186722958827924685e+02	1.959540465032492351e+00
3.232247572525466239e+02	-2.802525877781713692e+00
3.277772186223007793e+02	7.083393533591637592e-01
3.323296799920550484e+02	1.462560723447213995e+00
3.368821413618092038e+02	-1.518102576981384511e+00
3.414346027315633592e+02	-4.736094877715201767e-01
3.459870641013175145e+02	3.132803940373028784e+00
3.505395254710716699e+02	-2.286536817417968326e+00
3.550919868408258253e+02	1.700374894832827333e-01
3.596444482105800944e+02	1.491266257851890265e+00
3.641969095803342498e+02	4.401994258479817179e-01
3.687493709500884052e+02	-4.676579385070815942e-01
3.733018323198425605e+02	-2.755719110516928083e+00
3.778542936895967159e+02	2.409918096351115313e+00
3.824067550593509850e+02	1.397573921558672994e-01
3.869592164291051404e+02	-2.908752905518928955e+00
3.915116777988592958e+02	-2.184344575639106889e+00
3.960641391686134511e+02	5.021478850199352362e-01
4.006166005383676065e+02	1.199731304277647181e+00
4.051690619081218756e+02	-2.420997970245351016e+00
4.097215232778760310e+02	-2.340476497762057129e+00
4.142739846476301864e+02	6.356027042925670167e-02
4.188264460173843418e+02	9.169177761603123367e-01
4.233789073871384971e+02	-2.267798922618220470e+00
4.279313687568927662e+02	-1.174977606081833548e+00
4.324838301266469216e+02	9.035306903418964808e-01
4.370362914964010770e+02	1.622993393887548041e+00
4.415887528661552324e+02	-6.782535210248329394e-01
4.461412142359093878e+02	5.653466858130702655e-02
4.506936756056636568e+02	1.305764592817691527e+00
4.552461369754178122e+02	-1.198963879799842314e+00
4.597985983451719676e+02	5.991775371386992566e-01
4.643510597149261230e+02	-1.711642550143949171e+00
4.689035210846802784e+02	4.080851718937836270e-02
4.734559824544345474e+02	1.248140452779891607e+00
4.780084438241887028e+02	3.038663679359012271e+00
4.825609051939428582e+02	-2.008238931420569084e+00
4.871133665636970136e+02	2.706545798389416113e+00
4.916658279334511690e+02	-3.057641724222293522e+00
4.962182893032054380e+02	-2.527723319118406309e+00
5.007707506729595934e+02	1.069326137445430591e+00
5.053232120427137488e+02	2.947083148042605849e+00
5.098756734124679042e+02	-2.447300530810136543e+00
5.144281347822220596e+02	-2.463310505929710903e+00
5.189805961519762150e+02	-1.641796026183014456e+00
5.235330575217303704e+02	2.315140838508357168e-01
5.280855188914846394e+02	8.846854607460586939e-01
5.326379802612387948e+02	8.775776364872195368e-01
5.371904416309929502e+02	-2.453644026243707810e+00
5.417429030007471056e+02	-2.685093357614154019e+00
5.462953643705012610e+02	-3.076400715879727521e+00
5.508478257402555300e+02	2.486188297048214757e+00
5.554002871100096854e+02	2.768187609410142080e+00
5.599527484797638408e+02	2.663295220956296117e+00
5.645052098495179962e+02	2.661331102034972584e+00
5.690576712192721516e+02	-2.886857773254258852e+00
5.736101325890264206e+02	-3.007092853583911651e+00
5.781625939587805760e+02	-1.551421605050277819e+00
5.827150553285347314e+02	-8.063829043193845303e-01
5.872675166982888868e+02	2.449724048335156112e+00
5.918199780680430422e+02	-2.487335364581724217e+00
5.963724394377973113e+02	2.419142073491273859e+00
6.009249008075514666e+02	2.220790317576468720e-01
6.054773621773056220e+02	2.589981010773183989e+00
6.100298235470597774e+02	-1.982917193692644298e-01
6.145822849168139328e+02	-1.615545307519213658e+00
6.191347462865682019e+02	-5.749041715554515930e-01
6.236872076563223573e+02	-2.843135314811936265e+00
6.282396690260765126e+02	2.753429813750559063e+00
6.327921303958306680e+02	-9.565203326815945317e-01
6.373445917655848234e+02	-1.275471538449277853e+00
6.418970531353390925e+02	2.041521195164132774e+00
6.464495145050932479e+02	-2.925589548399486706e+00
6.510019758748474032e+02	1.311533156682145096e+00
6.555544372446015586e+02	-8.968029482483100834e-01
6.601068986143557140e+02	1.429148962993271654e+00
6.646593599841099831e+02	3.009405809099799711e+00
6.692118213538641385e+02	-8.546264664902993857e-01
6.737642827236182939e+02	-2.602963127832396140e+00
6.783167440933724492e+02	-3.063790129351645408e+00
6.828692054631266046e+02	8.980892850170518749e-01
6.874216668328807600e+02	-3.105598631196533788e+00
6.919741282026350291e+02	-4.208308523659310962e-01
6.965265895723891845e+02	2.988113968864612779e+00
7.010790509421433399e+02	-1.000182584623793947e+00
7.056315123118974952e+02	3.098698567083657984e+00
7.101839736816516506e+02	-2.284106843733455960e+00
7.147364350514059197e+02	1.549409047020606112e+00
7.192888964211600751e+02	-1.424105366794525152e+00
7.238413577909142305e+02	-2.445078979360109095e+00
7.283938191606683858e+02	5.891549072095193101e-02
7.329462805304225412e+02	-8.342082764102289882e-01
7.374987419001768103e+02	-2.758430417660445055e+00
7.420512032699309657e+02	1.556021248653157163e-01
7.466036646396851211e+02	-2.212644544263931756e+00
7.511561260094392765e+02	-8.085901709739830023e-01
7.557085873791934318e+02	-1.770668313763929191e+00
7.602610487489477009e+02	-4.287751119500269881e-01
7.648135101187018563e+02	-2.930572511322820706e+00
7.693659714884560117e+02	1.834076976404171555e+00
7.739184328582101671e+02	-6.736031351077719220e-01
7.784708942279643225e+02	2.481393895329341071e+00
7.830233555977185915e+02	-3.028996197380139366e-01
7.875758169674727469e+02	1.733295619233438334e+00
7.921282783372269023e+02	-2.219788440627749271e+00
7.966807397069810577e+02	4.941766513002778249e-01
8.012332010767352131e+02	2.981700961667879568e+00
8.057856624464894821e+02	7.497911520601461266e-01
8.103381238162436375e+02	9.599745770431158398e-01
8.148905851859977929e+02	-2.275362671301837558e+00
8.194430465557519483e+02	2.598649269374274873e+00
8.239955079255061037e+02	-3.111261257171798800e+00
8.285479692952603727e+02	4.365969632727854099e-01
8.331004306650145281e+02	8.513316048453788143e-02
8.376528920347686835e+02	-2.435699020432161799e+00
8.422053534045228389e+02	1.526249992795820409e+00
8.467578147742769943e+02	3.132934471641381169e+00
8.513102761440312634e+02	-8.611092867497308068e-02
8.558627375137854187e+02	2.441765957262083120e+00
8.604151988835395741e+02	-9.257835667552404280e-01
8.649676602532937295e+02	6.874472874328337868e-01
8.695201216230478849e+02	-1.787411521845566342e-01
8.740725829928021540e+02	-8.507501750690206199e-01
8.786250443625563094e+02	-1.349034212885013906e+00
8.831775057323104647e+02	2.333130924723474831e+00
8.877299671020646201e+02	6.845267178020213450e-01
8.922824284718187755e+02	-9.552170287595496134e-01
8.968348898415729309e+02	-1.966517500281823372e+00
9.013873512113272000e+02	-6.425460973503718254e-01
9.059398125810813553e+02	2.337191381330247175e+00
9.104922739508355107e+02	-4.124409040109136004e-01
9.150447353205896661e+02	2.448499716079307387e+00
9.195971966903438215e+02	-7.718484672726300122e-01
9.241496580600980906e+02	-2.701828456857971350e+00
9.287021194298522460e+02	-3.506069624985527211e-01
9.332545807996064013e+02	-3.114889762187128763e+00
9.378070421693605567e+02	6.638409865007038890e-02
9.423595035391147121e+02	2.936614458451220599e+00
9.469119649088689812e+02	4.075005189807951941e-03
9.514644262786231366e+02	-2.927958292998686041e+00
9.560168876483772920e+02	-3.583784615286527697e-01
9.605693490181314473e+02	-3.103828562467107144e+00
9.651218103878856027e+02	-4.086455095200609566e-01
9.696742717576398718e+02	3.023768285515103127e+00
9.742267331273940272e+02	-5.773300225070822078e-01
9.787791944971481826e+02	2.792634669702358963e+00
9.833316558669023379e+02	3.195734962271577495e-01
9.878841172366564933e+02	2.807387210969766844e+00
9.924365786064107624e+02	-1.240674640679284013e-01
9.969890399761649178e+02	-3.016780067591531278e+00
1.001541501345919073e+03	-1.771622737009948545e-01
1.006093962715673229e+03	-2.994976112450746797e+00
1.010646424085427384e+03	-1.645330927299252510e-01
1.015198885455181653e+03	-2.996725350396971965e+00
1.019751346824935808e+03	-1.422005605306679021e-01
1.024303808194689964e+03	2.993595289846861185e+00
1.028856269564444119e+03	-3.549266146430383184e-01
1.033408730934198275e+03	-3.099825411031690958e+00
1.037961192303952430e+03	-7.418676662980051850e-02
1.042513653673706585e+03	2.904801408300713650e+00
1.047066115043460741e+03	-9.247676065412063773e-02
1.051618576413215123e+03	2.792581465481248859e+00
1.056171037782969279e+03	-4.590643640242172280e-02
1.060723499152723434e+03	2.756408695206015835e+00
1.065275960522477590e+03	-2.577627332497883783e-01
1.069828421892231745e+03	2.933268389929454933e+00
1.074380883261985900e+03	-3.446062171909178296e-01
1.078933344631740056e+03	3.114409695657331500e+00
1.083485806001494211e+03	-2.196089956660792625e-02
1.088038267371248367e+03	2.835856923543702557e+00
1.092590728741002522e+03	-5.778412376497876757e-01
1.097143190110756905e+03	3.105682460384114218e+00
1.101695651480511060e+03	-1.418016106731721793e-01
1.106248112850265215e+03	2.982274192217194475e+00
1.110800574220019371e+03	-4.467216586846349258e-01
1.115353035589773526e+03	3.076825814995689079e+00
1.119905496959527682e+03	-6.419513574265858780e-02
1.124457958329281837e+03	2.731839175657162500e+00
1.129010419699035992e+03	-2.782696987782659614e-01
1.133562881068790148e+03	3.077775919746326139e+00
1.138115342438544303e+03	-4.825004293642073949e-02
1.142667803808298686e+03	2.850573894738874792e+00
1.147220265178052841e+03	2.001940590501911921e-01
1.151772726547806997e+03	2.734482852790472318e+00
1.156325187917561152e+03	1.408729337117138880e-01
1.160877649287315307e+03	3.044189670188037322e+00
1.165430110657069463e+03	-1.708697796964443461e-01
1.169982572026823618e+03	2.644242399189191683e+00
1.174535033396577774e+03	-1.770754501112843937e-01
1.179087494766331929e+03	3.052430542700047766e+00
1.183639956136086084e+03	-1.158986673798467620e-01
1.188192417505840240e+03	2.609392183143209198e+00
1.192744878875594623e+03	-4.473745330085314442e-02
1.197297340245348778e+03	3.010889471005017359e+00
1.201849801615102933e+03	-1.765460902211769267e-01
1.206402262984857089e+03	3.108455193184694654e+00
1.210954724354611244e+03	-3.268160867926277469e-01
1.215507185724365399e+03	2.997912056188046126e+00
1.220059647094119555e+03	-4.410695775249417472e-01
1.224612108463873710e+03	2.692977085793457181e+00
1.229164569833627866e+03	-2.456537518469873449e-01
1.233717031203382021e+03	2.945801268061184697e+00
1.238269492573136404e+03	-2.546822048373643121e-01
1.242821953942890559e+03	2.674807511938457338e+00
1.247374415312644715e+03	-4.608324723755586882e-01
1.251926876682398870e+03	2.670586837521972345e+00
1.256479338052153025e+03	-5.962826929283069344e-01
1.261031799421907181e+03	2.691529338272054428e+00
1.265584260791661336e+03	-2.824553482775354341e-01
1.270136722161415491e+03	2.741756263516527348e+00
1.274689183531169647e+03	-3.625002210452222817e-01
1.279241644900923802e+03	2.915378354445319342e+00
1.283794106270678185e+03	-2.212114318454196094e-01
1.288346567640432340e+03	2.849253239444669461e+00
1.292899029010186496e+03	-3.872466588069636284e-01
1.297451490379940651e+03	2.700570259759511149e+00
1.302003951749694806e+03	-2.972845768685493661e-01
1.306556413119448962e+03	2.735193943207023803e+00
1.311108874489203117e+03	-3.550784446889907464e-01
1.315661335858957273e+03	2.811901945979818684e+00
1.320213797228711428e+03	-4.378115723735291898e-01
1.324766258598465583e+03	2.680785548155456777e+00
1.329318719968219966e+03	-4.152992543621827903e-01
1.333871181337974122e+03	2.789015619351612241e+00
1.338423642707728277e+03	-4.176701904827126444e-01
1.342976104077482432e+03	2.715385241926861148e+00
1.347528565447236588e+03	-4.390271984563761110e-01
1.352081026816990743e+03	2.702601997257854549e+00
1.356633488186744898e+03	-4.421989541422719494e-01
1.361185949556499054e+03	2.695946719211137932e+00
1.365738410926253209e+03	-4.493822663605573364e-01
1.370290872296007365e+03	2.687956176690631693e+00
1.374843333665761520e+03	-4.559514254195926597e-01
1.379395795035515903e+03	2.680056887611432348e+00
1.383948256405270058e+03	-4.659614994289157930e-01
1.388500717775024214e+03	2.674713539500102932e+00
1.393053179144778369e+03	-4.710931653977064038e-01
1.397605640514532524e+03	2.668008989075825177e+00
1.402158101884286680e+03	-4.788870313005238466e-01
1.406710563254040835e+03	2.661011875998475329e+00
1.411263024623794990e+03	-4.852566884700976191e-01
1.415815485993549146e+03	2.652596300458716971e+00
1.420367947363303301e+03	-4.918447483219641758e-01
1.424920408733057684e+03	2.648326183618423979e+00
1.429472870102811839e+03	-4.989150620268495984e-01
1.434025331472565995e+03	2.640218773085571957e+00
1.438577792842320150e+03	-5.054129551295829526e-01
1.443130254212074306e+03	2.632694084355495789e+00
1.447682715581828461e+03	-5.127222465826846154e-01
1.452235176951582616e+03	2.625779557271855413e+00
1.456787638321336772e+03	-5.181301283883704700e-01
1.461340099691090927e+03	2.618798222376963913e+00
1.465892561060845082e+03	-5.255357616665536913e-01
1.470445022430599465e+03	2.612197218111077746e+00
1.474997483800353621e+03	-5.320768326653644298e-01
1.479549945170107776e+03	2.605085245692710494e+00
1.484102406539861931e+03	-5.390200558180705537e-01
1.488654867909616087e+03	2.598350637116649597e+00
1.493207329279370242e+03	-5.462970919239154011e-01
1.497759790649124398e+03	2.591509282405255910e+00
1.502312252018878553e+03	-5.528736945016686777e-01
1.506864713388632708e+03	2.585606275620231376e+00
1.511417174758386864e+03	-5.589485603230309740e-01
1.515969636128141246e+03	2.578645107533052983e+00
1.520522097497895402e+03	-5.660822934453463295e-01
1.525074558867649557e+03	2.572241261035537629e+00
1.529627020237403713e+03	-5.730774835724624650e-01
1.534179481607157868e+03	2.565485927180783943e+00
1.538731942976912023e+03	-5.808619094480304001e-01
1.543284404346666179e+03	2.558682972337743333e+00
1.547836865716420334e+03	-5.877081713915111028e-01
1.552389327086174490e+03	2.550196297436008397e+00
1.556941788455928645e+03	-5.943432961845532825e-01
1.561494249825682800e+03	2.544568798696121181e+00
1.566046711195437183e+03	-5.994555162312740215e-01
1.570599172565191338e+03	2.537302962141780860e+00
1.575151633934945494e+03	-6.071673287759044024e-01
1.579704095304699649e+03	2.530878238239726130e+00
1.584256556674453805e+03	-6.139761685879262521e-01
1.588809018044207960e+03	2.523430643721975120e+00
1.593361479413962115e+03	-6.199528483110215982e-01
1.597913940783716271e+03	2.517226339145725245e+00
1.602466402153470426e+03	-6.272995727788767129e-01
1.607018863523224582e+03	2.511215132881452483e+00
1.611571324892978964e+03	-6.338039651204906422e-01
1.616123786262733120e+03	2.504118835569971502e+00
1.620676247632487275e+03	-6.409906833974433615e-01
1.625228709002241430e+03	2.497276527429441728e+00
1.629781170371995586e+03	-6.479230558910075155e-01
1.634333631741749741e+03	2.490803726680708596e+00
1.638886093111503897e+03	-6.542631652182666624e-01
1.643438554481258052e+03	2.484125716717930477e+00
1.647991015851012207e+03	-6.607536363223229792e-01
1.652543477220766363e+03	2.477183886090043696e+00
1.657095938590520745e+03	-6.676842925769351789e-01
1.661648399960274901e+03	2.470359368132253763e+00
1.666200861330029056e+03	-6.745709833014862378e-01
1.670753322699783212e+03	2.463770932437256089e+00
1.675305784069537367e+03	-6.812332136370590208e-01
1.679858245439291522e+03	2.456851412937933965e+00
1.684410706809045678e+03	-6.878138900566844738e-01
1.688963168178799833e+03	2.450282558549409462e+00
1.693515629548553989e+03	-6.946995846035181055e-01
1.698068090918308144e+03	2.443638916027806474e+00
1.702620552288062527e+03	-7.014839634447053163e-01
1.707173013657816682e+03	2.436917716666941569e+00
1.711725475027570837e+03	-7.080416533036737459e-01
1.716277936397324993e+03	2.430215448279560153e+00
1.720830397767079148e+03	-7.145032265274910976e-01
1.725382859136833304e+03	2.423704203258604917e+00
1.729935320506587459e+03	-7.214135498197447038e-01
1.734487781876341614e+03	2.416953395864563259e+00
1.739040243246095770e+03	-7.279619917498114656e-01
1.743592704615849925e+03	2.410336363965970730e+00
1.748145165985604308e+03	-7.346000436265229805e-01
1.752697627355358463e+03	2.403664288769976398e+00
1.757250088725112619e+03	-7.412764460068280714e-01
1.761802550094866774e+03	2.397019034288308426e+00
1.766355011464620929e+03	-7.479380136810334090e-01
1.770907472834375085e+03	2.390279542922123746e+00
1.775459934204129240e+03	-7.545758206836268300e-01
1.780012395573883396e+03	2.383686125293908109e+00
1.784564856943637551e+03	-7.612442304562540007e-01
1.789117318313391706e+03	2.377036836532862907e+00
1.793669779683145862e+03	-7.678876405664438742e-01
1.798222241052900245e+03	2.370386895297710073e+00
1.802774702422654400e+03	-7.745208640298728575e-01
1.807327163792408555e+03	2.363749698291688794e+00
1.811879625162162711e+03	-7.811468362556250877e-01
1.816432086531916866e+03	2.357123981570246052e+00
1.820984547901671021e+03	-7.877799235382348941e-01
1.825537009271425177e+03	2.350490233796882933e+00
1.830089470641179332e+03	-7.944066082975493881e-01
1.834641932010933488e+03	2.343878117144692741e+00
1.839194393380687643e+03	-8.010218485716460446e-01
1.843746854750442026e+03	2.337258721373457693e+00
1.848299316120196181e+03	-8.076458830471922035e-01
1.852851777489950337e+03	2.330638560427599426e+00
1.857404238859704492e+03	-8.142661186571432674e-01
1.861956700229458647e+03	2.324021466953396509e+00
1.866509161599212803e+03	-8.208709420309622251e-01
1.871061622968966958e+03	2.317413473916608346e+00
1.875614084338721113e+03	-8.274847331681716156e-01
1.880166545708475269e+03	2.310802048212141635e+00
1.884719007078229424e+03	-8.340876007552188165e-01
1.889271468447983807e+03	2.304205091450575171e+00
1.893823929817737962e+03	-8.406819290191586136e-01
1.898376391187492118e+03	2.297598429823485944e+00
1.902928852557246273e+03	-8.472858357763926040e-01
1.907481313927000429e+03	2.291007603421336469e+00
1.912033775296754584e+03	-8.538762508565547193e-01
1.916586236666508739e+03	2.284413380780688563e+00
1.921138698036262895e+03	-8.604745705702196990e-01
1.925691159406017050e+03	2.277824547535517663e+00
1.930243620775771205e+03	-8.670694363394393367e-01
1.934796082145525588e+03	2.271238201281675639e+00
1.939348543515279744e+03	-8.736426531559889908e-01
1.943901004885033899e+03	2.264658277142477250e+00
1.948453466254788054e+03	-8.802252324445815068e-01
1.953005927624542210e+03	2.258069039078612228e+00
1.957558388994296365e+03	-8.868002150723679478e-01
1.962110850364050521e+03	2.251492193581988932e+00
1.966663311733804676e+03	-8.933833219458794384e-01
1.971215773103558831e+03	2.244915985600389519e+00
1.975768234473312987e+03	-8.999565448022180947e-01
1.980320695843067142e+03	2.238348304546143641e+00
1.984873157212821525e+03	-9.065290977947230155e-01
1.989425618582575680e+03	2.231776920004245657e+00
1.993978079952329836e+03	-9.130970120326526995e-01
1.998530541322083991e+03	2.225215189269239779e+00
2.003083002691838146e+03	-9.196625517137765327e-01
2.007635464061592302e+03	2.218647586950571071e+00
2.012187925431346457e+03	-9.262257108952901552e-01
2.016740386801100613e+03	2.212084199449943167e+00
2.021292848170854768e+03	-9.327800817022802171e-01
2.025845309540608923e+03	2.205529434405299583e+00
2.030397770910363306e+03	-9.393352832791943552e-01
2.034950232280117461e+03	2.198969154879626409e+00
2.039502693649871617e+03	-9.458934843363107081e-01
2.044055155019625772e+03	2.192416016105410925e+00
2.048607616389379928e+03	-9.524473235204414800e-01
2.053160077759134310e+03	2.185870821401931341e+00
2.057712539128888238e+03	-9.589980062796980009e-01
2.062265000498642621e+03	2.179323475720902348e+00
2.066817461868396549e+03	-9.655394931431245942e-01
2.071369923238150932e+03	2.172768966924030654e+00
2.075922384607904860e+03	-9.720906122276072869e-01
2.080474845977659243e+03	2.166229939308199182e+00
2.085027307347413171e+03	-9.786384272595612943e-01
2.089579768717167553e+03	2.159685803991462816e+00
2.094132230086921481e+03	-9.851766103001597941e-01
2.098684691456675864e+03	2.153157488546891596e+00
2.103237152826430247e+03	-9.917047301006735038e-01
2.107789614196184175e+03	2.146603708119616982e+00
2.112342075565938558e+03	-9.982482920621698064e-01
2.116894536935692486e+03	2.140077544039030499e+00
2.121446998305446868e+03	-1.004774388080385883e+00
2.125999459675200796e+03	2.133549597847007373e+00
2.130551921044955179e+03	-1.011308687898555325e+00
2.135104382414709107e+03	2.127016619818315135e+00
2.139656843784463490e+03	-1.017832253937805520e+00
2.144209305154217418e+03	2.120494004821468881e+00
2.148761766523971801e+03	-1.024369295779507860e+00
2.153314227893726184e+03	2.113969310024592207e+00
2.157866689263480112e+03	-1.030887463332193166e+00
2.162419150633234494e+03	2.107447036460656342e+00
2.166971612002988422e+03	-1.037408930980983301e+00
2.171524073372742805e+03	2.100916688279738764e+00
2.176076534742496733e+03	-1.043928656300132207e+00
2.180628996112251116e+03	2.094402211883202636e+00
2.185181457482005044e+03	-1.050447244024959259e+00
2.189733918851759427e+03	2.087885299781186088e+00
2.194286380221513809e+03	-1.056968509039431181e+00
2.198838841591267737e+03	2.081377114269641559e+00
2.203391302961022120e+03	-1.063480132337901285e+00
2.207943764330776048e+03	2.074862465218802576e+00
2.212496225700530431e+03	-1.069988464829215058e+00
2.217048687070284359e+03	2.068350358962691704e+00
2.221601148440038742e+03	-1.076497316371893387e+00
2.226153609809792670e+03	2.061836567339723647e+00
2.230706071179547052e+03	-1.082999514682107423e+00
2.235258532549300980e+03	2.055331504550501620e+00
2.239810993919055363e+03	-1.089509895263706341e+00
2.244363455288809746e+03	2.048826428807570821e+00
2.248915916658563674e+03	-1.096020815278767602e+00
2.253468378028318057e+03	2.042316627215190472e+00
2.258020839398071985e+03	-1.102520248784651491e+00
2.262573300767826368e+03	2.035821396682516937e+00
2.267125762137580296e+03	-1.109022452485592281e+00
2.271678223507334678e+03	2.029320551431729847e+00
2.276230684877088606e+03	-1.115521418213585969e+00
2.280783146246842989e+03	2.022823800605712652e+00
2.285335607616597372e+03	-1.122020818539464893e+00
2.289888068986351300e+03	2.016323485638284119e+00
2.294440530356105683e+03	-1.128507836533676700e+00
2.298992991725859611e+03	2.009829073155458001e+00
2.303545453095613993e+03	-1.135005759595518526e+00
2.308097914465367921e+03	2.003336407206230074e+00
2.312650375835122304e+03	-1.141496774861157304e+00
2.317202837204876232e+03	1.996847546615395874e+00
2.321755298574630615e+03	-1.147983584441629512e+00
2.326307759944384543e+03	1.990348928917046845e+00
